UponCompletionOf_600000_sweeps
LocNumber LocName AlleleNumber AlleleName FreqInPop0 FreqInPop1 SDInPop0 SDinPop1
0	044904:7506880	0	2	0.004620	0.995835	0.006485	0.003399
0	044904:7506880	1	1	0.995380	0.004165	0.006485	0.003399
1	044904:15903030	0	1	0.016694	0.503427	0.013448	0.025387
1	044904:15903030	1	2	0.983306	0.496573	0.013448	0.025387
2	044904:15922178	0	1	0.021447	0.626598	0.013544	0.024200
2	044904:15922178	1	2	0.978553	0.373402	0.013544	0.024200
3	044904:16955625	0	1	0.015245	0.633247	0.012309	0.025436
3	044904:16955625	1	2	0.984755	0.366753	0.012309	0.025436
4	044904:21975085	0	2	0.523591	0.998754	0.046174	0.001757
4	044904:21975085	1	1	0.476409	0.001246	0.046174	0.001757
5	044904:24424054	0	2	0.613882	0.995953	0.048660	0.003293
5	044904:24424054	1	1	0.386118	0.004047	0.048660	0.003293
6	044904:24920756	0	2	0.293851	0.783350	0.041871	0.020248
6	044904:24920756	1	1	0.706149	0.216650	0.041871	0.020248
7	044904:25895551	0	1	0.005069	0.629574	0.007108	0.025207
7	044904:25895551	1	2	0.994931	0.370426	0.007108	0.025207
8	044904:26245298	0	1	0.012376	0.579909	0.009990	0.024098
8	044904:26245298	1	2	0.987624	0.420091	0.009990	0.024098
9	044904:26251562	0	1	0.013012	0.544688	0.010515	0.024517
9	044904:26251562	1	2	0.986988	0.455312	0.010515	0.024517
10	044904:44338805	0	2	0.609242	0.998749	0.044085	0.001762
10	044904:44338805	1	1	0.390758	0.001251	0.044085	0.001762
11	044904:55503351	0	1	0.954825	0.360655	0.020727	0.023633
11	044904:55503351	1	2	0.045175	0.639345	0.020727	0.023633
12	044904:55578301	0	2	0.265942	0.896107	0.042098	0.015087
12	044904:55578301	1	1	0.734058	0.103893	0.042098	0.015087
13	044905:1441623	0	1	0.037730	0.562590	0.017366	0.024678
13	044905:1441623	1	2	0.962270	0.437410	0.017366	0.024678
14	044905:5454599	0	2	0.736405	0.998692	0.048581	0.001844
14	044905:5454599	1	1	0.263595	0.001308	0.048581	0.001844
15	044905:5457031	0	2	0.995665	0.469693	0.006080	0.026836
15	044905:5457031	1	1	0.004335	0.530307	0.006080	0.026836
16	044905:7607061	0	2	0.693724	0.998724	0.042644	0.001803
16	044905:7607061	1	1	0.306276	0.001276	0.042644	0.001803
17	044905:8434494	0	1	0.650132	0.172761	0.043934	0.018989
17	044905:8434494	1	2	0.349868	0.827239	0.043934	0.018989
18	044905:10551966	0	2	0.664832	0.998646	0.044466	0.001913
18	044905:10551966	1	1	0.335168	0.001354	0.044466	0.001913
19	044905:11974283	0	2	0.506781	0.998690	0.047786	0.001845
19	044905:11974283	1	1	0.493219	0.001310	0.047786	0.001845
20	044905:14290712	0	2	0.004323	0.678261	0.006079	0.024006
20	044905:14290712	1	1	0.995677	0.321739	0.006079	0.024006
21	044905:14352168	0	1	0.952517	0.367966	0.021753	0.024159
21	044905:14352168	1	2	0.047483	0.632034	0.021753	0.024159
22	044905:16447046	0	2	0.779592	0.998673	0.038433	0.001873
22	044905:16447046	1	1	0.220408	0.001327	0.038433	0.001873
23	044905:17060036	0	1	0.004314	0.586738	0.006060	0.024857
23	044905:17060036	1	2	0.995686	0.413262	0.006060	0.024857
24	044905:17060265	0	2	0.004850	0.656572	0.006799	0.024173
24	044905:17060265	1	1	0.995150	0.343428	0.006799	0.024173
25	044905:17073559	0	1	0.014615	0.535995	0.011803	0.025715
25	044905:17073559	1	2	0.985385	0.464005	0.011803	0.025715
26	044905:19652534	0	1	0.004613	0.526988	0.006489	0.026761
26	044905:19652534	1	2	0.995387	0.473012	0.006489	0.026761
27	044905:19690921	0	2	0.004184	0.984303	0.005884	0.006116
27	044905:19690921	1	1	0.995816	0.015697	0.005884	0.006116
28	044905:34048004	0	1	0.004376	0.562355	0.006146	0.027049
28	044905:34048004	1	2	0.995624	0.437645	0.006146	0.027049
29	044905:36070949	0	2	0.667295	0.998718	0.043673	0.001812
29	044905:36070949	1	1	0.332705	0.001282	0.043673	0.001812
30	044905:51544745	0	1	0.005084	0.523525	0.007152	0.026373
30	044905:51544745	1	2	0.994916	0.476475	0.007152	0.026373
31	044905:61717091	0	2	0.200118	0.893159	0.036464	0.015132
31	044905:61717091	1	1	0.799882	0.106841	0.036464	0.015132
32	044905:61717148	0	2	0.523295	0.998709	0.048844	0.001818
32	044905:61717148	1	1	0.476705	0.001291	0.048844	0.001818
33	044905:67846666	0	1	0.005218	0.521141	0.007327	0.026683
33	044905:67846666	1	2	0.994782	0.478859	0.007327	0.026683
34	044905:67878630	0	2	0.601196	0.993955	0.044401	0.003814
34	044905:67878630	1	1	0.398804	0.006045	0.044401	0.003814
35	044905:67878669	0	2	0.604516	0.998755	0.044930	0.001761
35	044905:67878669	1	1	0.395484	0.001245	0.044930	0.001761
36	044905:68113885	0	2	0.536072	0.906087	0.045681	0.014438
36	044905:68113885	1	1	0.463928	0.093913	0.045681	0.014438
37	044905:72701223	0	1	0.005582	0.559503	0.007825	0.024957
37	044905:72701223	1	2	0.994418	0.440497	0.007825	0.024957
38	044905:79515412	0	2	0.729445	0.998646	0.044645	0.001910
38	044905:79515412	1	1	0.270555	0.001354	0.044645	0.001910
39	044905:84622252	0	1	0.048876	0.566577	0.021924	0.025482
39	044905:84622252	1	2	0.951124	0.433423	0.021924	0.025482
40	044905:84622405	0	2	0.778530	0.998641	0.040993	0.001914
40	044905:84622405	1	1	0.221470	0.001359	0.040993	0.001914
41	044905:84623178	0	2	0.801635	0.998707	0.035717	0.001824
41	044905:84623178	1	1	0.198365	0.001293	0.035717	0.001824
42	044905:90316040	0	1	0.071439	0.565398	0.023566	0.024285
42	044905:90316040	1	2	0.928561	0.434602	0.023566	0.024285
43	044905:93155805	0	2	0.147857	0.986857	0.035739	0.006147
43	044905:93155805	1	1	0.852143	0.013143	0.035739	0.006147
44	044905:94106096	0	1	0.013937	0.485104	0.011063	0.024604
44	044905:94106096	1	2	0.986063	0.514896	0.011063	0.024604
45	044906:13764346	0	1	0.014563	0.582214	0.011758	0.025858
45	044906:13764346	1	2	0.985437	0.417786	0.011758	0.025858
46	044906:14220972	0	2	0.986758	0.465735	0.010711	0.025221
46	044906:14220972	1	1	0.013242	0.534265	0.010711	0.025221
47	044906:18140355	0	2	0.786874	0.998745	0.037243	0.001768
47	044906:18140355	1	1	0.213126	0.001255	0.037243	0.001768
48	044906:25019512	0	2	0.435129	0.993819	0.047010	0.004012
48	044906:25019512	1	1	0.564871	0.006181	0.047010	0.004012
49	044906:25027741	0	2	0.593418	0.977815	0.044447	0.007570
49	044906:25027741	1	1	0.406582	0.022185	0.044447	0.007570
50	044906:38767835	0	2	0.652388	0.996379	0.044542	0.002954
50	044906:38767835	1	1	0.347612	0.003621	0.044542	0.002954
51	044906:40983548	0	1	0.004545	0.516391	0.006398	0.025323
51	044906:40983548	1	2	0.995455	0.483609	0.006398	0.025323
52	044906:44645341	0	1	0.004189	0.556487	0.005897	0.024366
52	044906:44645341	1	2	0.995811	0.443513	0.005897	0.024366
53	044906:46057638	0	2	0.702195	0.998455	0.045752	0.002175
53	044906:46057638	1	1	0.297805	0.001545	0.045752	0.002175
54	044906:52462069	0	1	0.889147	0.279832	0.028426	0.022064
54	044906:52462069	1	2	0.110853	0.720168	0.028426	0.022064
55	044906:54278062	0	2	0.649501	0.988959	0.042815	0.005174
55	044906:54278062	1	1	0.350499	0.011041	0.042815	0.005174
56	044906:54278167	0	2	0.005368	0.920915	0.007436	0.013752
56	044906:54278167	1	1	0.994632	0.079085	0.007436	0.013752
57	044906:66860597	0	2	0.317744	0.819963	0.045870	0.019970
57	044906:66860597	1	1	0.682256	0.180037	0.045870	0.019970
58	044906:66865102	0	2	0.351524	0.818579	0.043344	0.019252
58	044906:66865102	1	1	0.648476	0.181421	0.043344	0.019252
59	044907:17594362	0	2	0.961649	0.377801	0.017993	0.024121
59	044907:17594362	1	1	0.038351	0.622199	0.017993	0.024121
60	044907:47996676	0	1	0.013467	0.556582	0.011379	0.024938
60	044907:47996676	1	2	0.986533	0.443418	0.011379	0.024938
61	044907:55166583	0	2	0.995388	0.451930	0.006483	0.025067
61	044907:55166583	1	1	0.004612	0.548070	0.006483	0.025067
62	044907:55171210	0	2	0.526189	0.998665	0.049248	0.001882
62	044907:55171210	1	1	0.473811	0.001335	0.049248	0.001882
63	044907:69049130	0	2	0.290515	0.814226	0.043720	0.019543
63	044907:69049130	1	1	0.709485	0.185774	0.043720	0.019543
64	044907:82744153	0	1	0.972037	0.223288	0.022285	0.020769
64	044907:82744153	1	2	0.027963	0.776712	0.022285	0.020769
65	044908:3764775	0	2	0.530662	0.922082	0.046149	0.013329
65	044908:3764775	1	1	0.469338	0.077918	0.046149	0.013329
66	044908:3765303	0	2	0.653678	0.968137	0.045927	0.009226
66	044908:3765303	1	1	0.346322	0.031863	0.045927	0.009226
67	044908:3766686	0	2	0.533012	0.936911	0.048270	0.012099
67	044908:3766686	1	1	0.466988	0.063089	0.048270	0.012099
68	044908:3914952	0	1	0.019903	0.604217	0.015401	0.026000
68	044908:3914952	1	2	0.980097	0.395783	0.015401	0.026000
69	044908:20640420	0	1	0.014911	0.499426	0.011812	0.024544
69	044908:20640420	1	2	0.985089	0.500574	0.011812	0.024544
70	044908:21648513	0	1	0.023922	0.618679	0.014623	0.024198
70	044908:21648513	1	2	0.976078	0.381321	0.014623	0.024198
71	044908:21651414	0	2	0.241976	0.719200	0.042362	0.024509
71	044908:21651414	1	1	0.758024	0.280800	0.042362	0.024509
72	044908:27586945	0	1	0.029739	0.550146	0.018462	0.025992
72	044908:27586945	1	2	0.970261	0.449854	0.018462	0.025992
73	044908:39254811	0	1	0.004151	0.617110	0.005830	0.024403
73	044908:39254811	1	2	0.995849	0.382890	0.005830	0.024403
74	044908:39260201	0	1	0.013058	0.637100	0.010559	0.025309
74	044908:39260201	1	2	0.986942	0.362900	0.010559	0.025309
75	044908:40203659	0	2	0.007001	0.697653	0.009798	0.023524
75	044908:40203659	1	1	0.992999	0.302347	0.009798	0.023524
76	044908:40203723	0	1	0.005732	0.588443	0.008041	0.024102
76	044908:40203723	1	2	0.994268	0.411557	0.008041	0.024102
77	044908:40205400	0	1	0.004758	0.521633	0.006614	0.024559
77	044908:40205400	1	2	0.995242	0.478367	0.006614	0.024559
78	044908:40209622	0	1	0.005398	0.503860	0.007477	0.026258
78	044908:40209622	1	2	0.994602	0.496140	0.007477	0.026258
79	044908:55756668	0	2	0.818323	0.998560	0.038063	0.002032
79	044908:55756668	1	1	0.181677	0.001440	0.038063	0.002032
80	044908:63992799	0	2	0.993601	0.476776	0.008958	0.024721
80	044908:63992799	1	1	0.006399	0.523224	0.008958	0.024721
81	044908:63992806	0	2	0.609969	0.956023	0.084801	0.010280
81	044908:63992806	1	1	0.390031	0.043977	0.084801	0.010280
82	044908:64469590	0	1	0.005429	0.544079	0.007519	0.025372
82	044908:64469590	1	2	0.994571	0.455921	0.007519	0.025372
83	044908:72730757	0	2	0.697208	0.998750	0.042891	0.001765
83	044908:72730757	1	1	0.302792	0.001250	0.042891	0.001765
84	044909:2675521	0	1	0.744397	0.251755	0.044458	0.023310
84	044909:2675521	1	2	0.255603	0.748245	0.044458	0.023310
85	044909:2675642	0	1	0.770726	0.247629	0.038348	0.021406
85	044909:2675642	1	2	0.229274	0.752371	0.038348	0.021406
86	044909:2676215	0	1	0.765808	0.246696	0.040503	0.022871
86	044909:2676215	1	2	0.234192	0.753304	0.040503	0.022871
87	044909:2848361	0	2	0.771780	0.993573	0.042173	0.004095
87	044909:2848361	1	1	0.228220	0.006427	0.042173	0.004095
88	044909:2848901	0	2	0.778566	0.981186	0.041153	0.006843
88	044909:2848901	1	1	0.221434	0.018814	0.041153	0.006843
89	044909:2848913	0	2	0.779582	0.996218	0.041859	0.003145
89	044909:2848913	1	1	0.220418	0.003782	0.041859	0.003145
90	044909:2855005	0	2	0.766522	0.990984	0.044966	0.004831
90	044909:2855005	1	1	0.233478	0.009016	0.044966	0.004831
91	044909:2855091	0	2	0.692930	0.996139	0.046907	0.003141
91	044909:2855091	1	1	0.307070	0.003861	0.046907	0.003141
92	044909:2855319	0	2	0.707548	0.998765	0.045117	0.001741
92	044909:2855319	1	1	0.292452	0.001235	0.045117	0.001741
93	044909:3216800	0	1	0.856426	0.286808	0.034748	0.024370
93	044909:3216800	1	2	0.143574	0.713192	0.034748	0.024370
94	044909:3512668	0	1	0.004435	0.559819	0.006238	0.025362
94	044909:3512668	1	2	0.995565	0.440181	0.006238	0.025362
95	044909:9025228	0	2	0.985414	0.443903	0.012082	0.027314
95	044909:9025228	1	1	0.014586	0.556097	0.012082	0.027314
96	044909:9028311	0	1	0.023339	0.612383	0.014897	0.024419
96	044909:9028311	1	2	0.976661	0.387617	0.014897	0.024419
97	044909:13612707	0	2	0.715232	0.998722	0.041462	0.001803
97	044909:13612707	1	1	0.284768	0.001278	0.041462	0.001803
98	044909:14383647	0	1	0.995918	0.278332	0.005732	0.022147
98	044909:14383647	1	2	0.004082	0.721668	0.005732	0.022147
99	044909:31153432	0	2	0.709159	0.996226	0.042868	0.003078
99	044909:31153432	1	1	0.290841	0.003774	0.042868	0.003078
100	044909:31153507	0	1	0.004807	0.548982	0.006761	0.024985
100	044909:31153507	1	2	0.995193	0.451018	0.006761	0.024985
101	044909:31244536	0	2	0.778456	0.998763	0.037860	0.001744
101	044909:31244536	1	1	0.221544	0.001237	0.037860	0.001744
102	044909:32403664	0	2	0.762003	0.998700	0.038738	0.001839
102	044909:32403664	1	1	0.237997	0.001300	0.038738	0.001839
103	044909:32418622	0	2	0.798336	0.998533	0.038648	0.002074
103	044909:32418622	1	1	0.201664	0.001467	0.038648	0.002074
104	044909:32418674	0	1	0.004454	0.469442	0.006268	0.025572
104	044909:32418674	1	2	0.995546	0.530558	0.006268	0.025572
105	044909:32561203	0	2	0.594840	0.998658	0.048291	0.001890
105	044909:32561203	1	1	0.405160	0.001342	0.048291	0.001890
106	044909:33219690	0	2	0.759799	0.998716	0.039064	0.001811
106	044909:33219690	1	1	0.240201	0.001284	0.039064	0.001811
107	044909:34655584	0	2	0.711564	0.998708	0.041334	0.001819
107	044909:34655584	1	1	0.288436	0.001292	0.041334	0.001819
108	044909:34655587	0	1	0.995258	0.347407	0.006603	0.024030
108	044909:34655587	1	2	0.004742	0.652593	0.006603	0.024030
109	044909:34666768	0	1	0.005426	0.571828	0.007623	0.026776
109	044909:34666768	1	2	0.994574	0.428172	0.007623	0.026776
110	044909:49164967	0	2	0.324280	0.819294	0.042866	0.018827
110	044909:49164967	1	1	0.675720	0.180706	0.042866	0.018827
111	044909:51908882	0	2	0.903045	0.427447	0.030230	0.025737
111	044909:51908882	1	1	0.096955	0.572553	0.030230	0.025737
112	044909:53008710	0	2	0.108430	0.711750	0.028552	0.022260
112	044909:53008710	1	1	0.891570	0.288250	0.028552	0.022260
113	044909:53174348	0	1	0.800035	0.318773	0.036462	0.022998
113	044909:53174348	1	2	0.199965	0.681227	0.036462	0.022998
114	044910:161010	0	2	0.945433	0.423252	0.022156	0.026578
114	044910:161010	1	1	0.054567	0.576748	0.022156	0.026578
115	044910:3995334	0	1	0.901826	0.377238	0.028683	0.024341
115	044910:3995334	1	2	0.098174	0.622762	0.028683	0.024341
116	044910:16722397	0	2	0.995555	0.445396	0.006240	0.025068
116	044910:16722397	1	1	0.004445	0.554604	0.006240	0.025068
117	044910:18785712	0	1	0.004630	0.515014	0.006502	0.026145
117	044910:18785712	1	2	0.995370	0.484986	0.006502	0.026145
118	044910:30510524	0	2	0.594645	0.987104	0.052323	0.006036
118	044910:30510524	1	1	0.405355	0.012896	0.052323	0.006036
119	044910:30525221	0	2	0.784211	0.998633	0.044284	0.001926
119	044910:30525221	1	1	0.215789	0.001367	0.044284	0.001926
120	044910:31541066	0	2	0.575960	0.998758	0.049783	0.001752
120	044910:31541066	1	1	0.424040	0.001242	0.049783	0.001752
121	044910:31541700	0	2	0.570031	0.998686	0.051414	0.001851
121	044910:31541700	1	1	0.429969	0.001314	0.051414	0.001851
122	044910:37028914	0	2	0.729014	0.998748	0.044731	0.001765
122	044910:37028914	1	1	0.270986	0.001252	0.044731	0.001765
123	044910:37434426	0	2	0.723745	0.998716	0.041076	0.001815
123	044910:37434426	1	1	0.276255	0.001284	0.041076	0.001815
124	044910:38069364	0	2	0.828737	0.998759	0.034295	0.001751
124	044910:38069364	1	1	0.171263	0.001241	0.034295	0.001751
125	044910:38073331	0	1	0.004390	0.569229	0.006148	0.024868
125	044910:38073331	1	2	0.995610	0.430771	0.006148	0.024868
126	044910:38073669	0	2	0.823838	0.996171	0.034420	0.003120
126	044910:38073669	1	1	0.176162	0.003829	0.034420	0.003120
127	044910:48577359	0	2	0.762400	0.998599	0.039419	0.001973
127	044910:48577359	1	1	0.237600	0.001401	0.039419	0.001973
128	044910:48676785	0	2	0.714170	0.991321	0.042332	0.004624
128	044910:48676785	1	1	0.285830	0.008679	0.042332	0.004624
129	044911:1526326	0	2	0.070629	0.713966	0.023308	0.022397
129	044911:1526326	1	1	0.929371	0.286034	0.023308	0.022397
130	044911:8075013	0	2	0.985418	0.441195	0.011780	0.026350
130	044911:8075013	1	1	0.014582	0.558805	0.011780	0.026350
131	044911:32143089	0	2	0.696817	0.992536	0.045709	0.004699
131	044911:32143089	1	1	0.303183	0.007464	0.045709	0.004699
132	044911:33110624	0	2	0.265141	0.832616	0.040943	0.018571
132	044911:33110624	1	1	0.734859	0.167384	0.040943	0.018571
133	044911:43671384	0	1	0.004736	0.558649	0.006641	0.026917
133	044911:43671384	1	2	0.995264	0.441351	0.006641	0.026917
134	044911:44838541	0	2	0.964167	0.400088	0.018115	0.024177
134	044911:44838541	1	1	0.035833	0.599912	0.018115	0.024177
135	044911:44840217	0	2	0.970508	0.381885	0.017641	0.026164
135	044911:44840217	1	1	0.029492	0.618115	0.017641	0.026164
136	044911:45840622	0	2	0.793686	0.998766	0.036259	0.001742
136	044911:45840622	1	1	0.206314	0.001234	0.036259	0.001742
137	044911:52510354	0	2	0.994938	0.439693	0.007088	0.025721
137	044911:52510354	1	1	0.005062	0.560307	0.007088	0.025721
138	044911:52523612	0	2	0.798989	0.996857	0.036877	0.002954
138	044911:52523612	1	1	0.201011	0.003143	0.036877	0.002954
139	044911:52524488	0	1	0.004861	0.551270	0.006842	0.026531
139	044911:52524488	1	2	0.995139	0.448730	0.006842	0.026531
140	044911:53131123	0	1	0.013301	0.550361	0.010746	0.025976
140	044911:53131123	1	2	0.986699	0.449639	0.010746	0.025976
141	044911:53157602	0	2	0.135062	0.996824	0.032684	0.003011
141	044911:53157602	1	1	0.864938	0.003176	0.032684	0.003011
142	044911:56300993	0	2	0.741033	0.986704	0.039569	0.005614
142	044911:56300993	1	1	0.258967	0.013296	0.039569	0.005614
143	044911:56301009	0	2	0.753466	0.981626	0.039291	0.006627
143	044911:56301009	1	1	0.246534	0.018374	0.039291	0.006627
144	044911:56301571	0	2	0.634060	0.992641	0.047434	0.004625
144	044911:56301571	1	1	0.365940	0.007359	0.047434	0.004625
145	044911:56683114	0	2	0.004634	0.729755	0.006509	0.022228
145	044911:56683114	1	1	0.995366	0.270245	0.006509	0.022228
146	044911:56687259	0	2	0.076354	0.996377	0.026478	0.003438
146	044911:56687259	1	1	0.923646	0.003623	0.026478	0.003438
147	044911:57672737	0	2	0.968852	0.391996	0.016583	0.025238
147	044911:57672737	1	1	0.031148	0.608004	0.016583	0.025238
148	044911:57674675	0	2	0.979437	0.427710	0.013155	0.024549
148	044911:57674675	1	1	0.020563	0.572290	0.013155	0.024549
149	044911:59461549	0	2	0.615670	0.996330	0.043617	0.003067
149	044911:59461549	1	1	0.384330	0.003670	0.043617	0.003067
150	044911:59462716	0	2	0.750058	0.982161	0.042033	0.006931
150	044911:59462716	1	1	0.249942	0.017839	0.042033	0.006931
151	044911:62585006	0	1	0.761812	0.269606	0.039275	0.022959
151	044911:62585006	1	2	0.238188	0.730394	0.039275	0.022959
152	044912:9345346	0	2	0.772018	0.998713	0.038102	0.001816
152	044912:9345346	1	1	0.227982	0.001287	0.038102	0.001816
153	044912:13156834	0	2	0.387633	0.856349	0.044087	0.017226
153	044912:13156834	1	1	0.612367	0.143651	0.044087	0.017226
154	044912:14359861	0	2	0.995659	0.472477	0.006102	0.025052
154	044912:14359861	1	1	0.004341	0.527523	0.006102	0.025052
155	044912:19061332	0	2	0.628802	0.998656	0.043991	0.001895
155	044912:19061332	1	1	0.371198	0.001344	0.043991	0.001895
156	044912:39587527	0	2	0.281684	0.797715	0.042348	0.020383
156	044912:39587527	1	1	0.718316	0.202285	0.042348	0.020383
157	044912:42149764	0	2	0.924844	0.431262	0.024279	0.025202
157	044912:42149764	1	1	0.075156	0.568738	0.024279	0.025202
158	044912:43972539	0	2	0.502253	0.984442	0.044937	0.006056
158	044912:43972539	1	1	0.497747	0.015558	0.044937	0.006056
159	044913:3810050	0	2	0.246276	0.852718	0.042745	0.018748
159	044913:3810050	1	1	0.753724	0.147282	0.042745	0.018748
160	044913:4113678	0	2	0.015517	0.663434	0.012384	0.023582
160	044913:4113678	1	1	0.984483	0.336566	0.012384	0.023582
161	044913:4115107	0	2	0.022052	0.658927	0.013780	0.024092
161	044913:4115107	1	1	0.977948	0.341073	0.013780	0.024092
162	044913:4118013	0	2	0.353158	0.919964	0.046847	0.013912
162	044913:4118013	1	1	0.646842	0.080036	0.046847	0.013912
163	044913:5631875	0	2	0.801886	0.998788	0.035708	0.001708
163	044913:5631875	1	1	0.198114	0.001212	0.035708	0.001708
164	044913:16482365	0	2	0.687318	0.996446	0.043369	0.002958
164	044913:16482365	1	1	0.312682	0.003554	0.043369	0.002958
165	044913:16557462	0	2	0.691817	0.996306	0.041802	0.003045
165	044913:16557462	1	1	0.308183	0.003694	0.041802	0.003045
166	044913:23271995	0	2	0.660488	0.957297	0.042852	0.009979
166	044913:23271995	1	1	0.339512	0.042703	0.042852	0.009979
167	044913:30823797	0	1	0.040821	0.567497	0.021259	0.026372
167	044913:30823797	1	2	0.959179	0.432503	0.021259	0.026372
168	044913:38437237	0	2	0.672650	0.998709	0.043679	0.001824
168	044913:38437237	1	1	0.327350	0.001291	0.043679	0.001824
169	044913:38440658	0	1	0.004288	0.532895	0.006011	0.024669
169	044913:38440658	1	2	0.995712	0.467105	0.006011	0.024669
170	044913:40424422	0	2	0.351907	0.998638	0.045691	0.001922
170	044913:40424422	1	1	0.648093	0.001362	0.045691	0.001922
171	044913:40875430	0	2	0.331085	0.861761	0.077700	0.017231
171	044913:40875430	1	1	0.668915	0.138239	0.077700	0.017231
172	044914:993878	0	1	0.026102	0.589873	0.015701	0.024189
172	044914:993878	1	2	0.973898	0.410127	0.015701	0.024189
173	044914:5707844	0	1	0.822088	0.329934	0.036422	0.023714
173	044914:5707844	1	2	0.177912	0.670066	0.036422	0.023714
174	044914:6361255	0	1	0.006098	0.540015	0.008351	0.026728
174	044914:6361255	1	2	0.993902	0.459985	0.008351	0.026728
175	044914:6361259	0	1	0.017155	0.557061	0.013528	0.026662
175	044914:6361259	1	2	0.982845	0.442939	0.013528	0.026662
176	044914:19013737	0	1	0.020874	0.593315	0.013016	0.024563
176	044914:19013737	1	2	0.979126	0.406685	0.013016	0.024563
177	044914:29178325	0	2	0.004254	0.652159	0.005976	0.023672
177	044914:29178325	1	1	0.995746	0.347841	0.005976	0.023672
178	044914:29184538	0	2	0.995130	0.388469	0.006842	0.025214
178	044914:29184538	1	1	0.004870	0.611531	0.006842	0.025214
179	044914:34829875	0	1	0.013837	0.528654	0.011164	0.026154
179	044914:34829875	1	2	0.986163	0.471346	0.011164	0.026154
180	044914:39204182	0	2	0.636528	0.998786	0.043770	0.001710
180	044914:39204182	1	1	0.363472	0.001214	0.043770	0.001710
181	044915:4142601	0	1	0.004843	0.532931	0.006738	0.024735
181	044915:4142601	1	2	0.995157	0.467069	0.006738	0.024735
182	044915:7268017	0	2	0.637714	0.966326	0.047628	0.009345
182	044915:7268017	1	1	0.362286	0.033674	0.047628	0.009345
183	044915:7991302	0	2	0.552032	0.913785	0.046087	0.014233
183	044915:7991302	1	1	0.447968	0.086215	0.046087	0.014233
184	044915:7994218	0	2	0.793620	0.996314	0.036336	0.003151
184	044915:7994218	1	1	0.206380	0.003686	0.036336	0.003151
185	044915:11232712	0	2	0.672650	0.998734	0.043076	0.001785
185	044915:11232712	1	1	0.327350	0.001266	0.043076	0.001785
186	044915:11356382	0	2	0.642539	0.993901	0.043402	0.003837
186	044915:11356382	1	1	0.357461	0.006099	0.043402	0.003837
187	044915:12647499	0	2	0.766906	0.996028	0.039582	0.003302
187	044915:12647499	1	1	0.233094	0.003972	0.039582	0.003302
188	044915:19969258	0	1	0.995833	0.298430	0.005864	0.022447
188	044915:19969258	1	2	0.004167	0.701570	0.005864	0.022447
189	044915:22504374	0	2	0.004065	0.854254	0.005715	0.017899
189	044915:22504374	1	1	0.995935	0.145746	0.005715	0.017899
190	044915:22623568	0	2	0.582115	0.998677	0.045683	0.001869
190	044915:22623568	1	1	0.417885	0.001323	0.045683	0.001869
191	044915:27790771	0	1	0.004952	0.567362	0.006876	0.024309
191	044915:27790771	1	2	0.995048	0.432638	0.006876	0.024309
192	044915:28395048	0	2	0.817966	0.998481	0.038113	0.002147
192	044915:28395048	1	1	0.182034	0.001519	0.038113	0.002147
193	044915:28560687	0	1	0.005045	0.593488	0.007083	0.025613
193	044915:28560687	1	2	0.994955	0.406512	0.007083	0.025613
194	044915:28562500	0	2	0.994148	0.432340	0.008192	0.026314
194	044915:28562500	1	1	0.005852	0.567660	0.008192	0.026314
195	044915:29244727	0	2	0.644369	0.932605	0.073186	0.012659
195	044915:29244727	1	1	0.355631	0.067395	0.073186	0.012659
196	044915:29447536	0	2	0.749473	0.998693	0.040468	0.001845
196	044915:29447536	1	1	0.250527	0.001307	0.040468	0.001845
197	044915:32840734	0	2	0.020185	0.991614	0.012587	0.004458
197	044915:32840734	1	1	0.979815	0.008386	0.012587	0.004458
198	044915:40182682	0	1	0.888632	0.332969	0.030872	0.024260
198	044915:40182682	1	2	0.111368	0.667031	0.030872	0.024260
199	044915:41322263	0	2	0.520688	0.998692	0.046233	0.001846
199	044915:41322263	1	1	0.479312	0.001308	0.046233	0.001846
