ind_ID	Pure_0	Pure_1	F1	F2	P0_F1	P1_F1	P0_P0F1	P1_P1F1	P0_P0P0F1	P1_P1P1F1
QUE002637_mac	0.00000	0.99991	0.00000	0.00000	0.00000	0.00000	0.00000	0.00000	0.00000	0.00009
QUE002631_mac	0.00000	0.99985	0.00000	0.00000	0.00000	0.00000	0.00000	0.00000	0.00000	0.00015
QUE002647_mac	0.00000	0.99991	0.00000	0.00000	0.00000	0.00000	0.00000	0.00000	0.00000	0.00009
QUE002613_mac	0.00000	1.00000	0.00000	0.00000	0.00000	0.00000	0.00000	0.00000	0.00000	0.00000
QUE002614_mac	0.00000	0.99970	0.00000	0.00000	0.00000	0.00000	0.00000	0.00000	0.00000	0.00030
QUE002616_mac	0.00000	0.99976	0.00000	0.00000	0.00000	0.00000	0.00000	0.00000	0.00000	0.00024
QUE002617_mac	0.00000	0.99998	0.00000	0.00000	0.00000	0.00000	0.00000	0.00000	0.00000	0.00002
QUE002599_mac	0.00000	0.99999	0.00000	0.00000	0.00000	0.00000	0.00000	0.00000	0.00000	0.00001
QUE002628_mac	0.00000	0.99997	0.00000	0.00000	0.00000	0.00000	0.00000	0.00000	0.00000	0.00003
QUE002601_mac	0.00000	0.99979	0.00000	0.00000	0.00000	0.00000	0.00000	0.00000	0.00000	0.00021
QUE002638_mac	0.00000	0.99991	0.00000	0.00000	0.00000	0.00000	0.00000	0.00000	0.00000	0.00009
QUE002615_mac	0.00000	0.99996	0.00000	0.00000	0.00000	0.00000	0.00000	0.00000	0.00000	0.00004
QUE002595_mac	0.00000	1.00000	0.00000	0.00000	0.00000	0.00000	0.00000	0.00000	0.00000	0.00000
QUE002634_mac	0.00000	0.99998	0.00000	0.00000	0.00000	0.00000	0.00000	0.00000	0.00000	0.00002
QUE002590_mac	0.00000	0.99985	0.00000	0.00000	0.00000	0.00000	0.00000	0.00000	0.00000	0.00015
QUE002608_mac	0.00000	0.99999	0.00000	0.00000	0.00000	0.00000	0.00000	0.00000	0.00000	0.00001
QUE002641_mac	0.00000	0.99993	0.00000	0.00000	0.00000	0.00000	0.00000	0.00000	0.00000	0.00007
QUE001334_mac	0.00000	0.99992	0.00000	0.00000	0.00000	0.00000	0.00000	0.00000	0.00000	0.00008
QUE001337_mac	0.00000	0.99989	0.00000	0.00000	0.00000	0.00000	0.00000	0.00000	0.00000	0.00011
QUE001338_mac	0.00000	0.99999	0.00000	0.00000	0.00000	0.00000	0.00000	0.00000	0.00000	0.00001
QUE001339_mac	0.00000	0.99996	0.00000	0.00000	0.00000	0.00000	0.00000	0.00000	0.00000	0.00004
QUE001342_mac	0.00000	0.99992	0.00000	0.00000	0.00000	0.00000	0.00000	0.00000	0.00000	0.00008
QUE001343_mac	0.00000	0.99996	0.00000	0.00000	0.00000	0.00000	0.00000	0.00000	0.00000	0.00004
QUE001344_mac	0.00000	0.00000	1.00000	0.00000	0.00000	0.00000	0.00000	0.00000	0.00000	0.00000
QUE001345_mac	0.00000	0.99999	0.00000	0.00000	0.00000	0.00000	0.00000	0.00000	0.00000	0.00001
QUE001346_mac	0.00000	0.99990	0.00000	0.00000	0.00000	0.00000	0.00000	0.00000	0.00000	0.00010
QUE001347_mac	0.00000	0.99997	0.00000	0.00000	0.00000	0.00000	0.00000	0.00000	0.00000	0.00003
QUE001348_mac	0.00000	0.99957	0.00000	0.00000	0.00000	0.00000	0.00000	0.00000	0.00000	0.00043
QUE001350_mac	0.00000	0.99628	0.00000	0.00000	0.00000	0.00000	0.00000	0.00001	0.00000	0.00371
QUE001351_mac	0.00000	0.99962	0.00000	0.00000	0.00000	0.00000	0.00000	0.00000	0.00000	0.00038
QUE001352_mac	0.00000	0.99827	0.00000	0.00000	0.00000	0.00000	0.00000	0.00002	0.00000	0.00171
QUE001370_mac	0.00000	0.99954	0.00000	0.00000	0.00000	0.00000	0.00000	0.00000	0.00000	0.00046
QUE001371_mac	0.00000	0.99997	0.00000	0.00000	0.00000	0.00000	0.00000	0.00000	0.00000	0.00003
QUE001372_mac	0.00000	0.99987	0.00000	0.00000	0.00000	0.00000	0.00000	0.00000	0.00000	0.00013
QUE001487_mac	0.00000	0.99997	0.00000	0.00000	0.00000	0.00000	0.00000	0.00000	0.00000	0.00003
QUE001526_mac	0.00000	0.99993	0.00000	0.00000	0.00000	0.00000	0.00000	0.00000	0.00000	0.00007
QUE001530_mac	0.00000	0.99997	0.00000	0.00000	0.00000	0.00000	0.00000	0.00000	0.00000	0.00003
QUE001532_mac	0.00000	0.99998	0.00000	0.00000	0.00000	0.00000	0.00000	0.00000	0.00000	0.00002
QUE001533_mac	0.00000	0.99995	0.00000	0.00000	0.00000	0.00000	0.00000	0.00000	0.00000	0.00005
QUE001536_mac	0.00000	0.99962	0.00000	0.00000	0.00000	0.00000	0.00000	0.00000	0.00000	0.00038
QUE001541_mac	0.00000	0.99997	0.00000	0.00000	0.00000	0.00000	0.00000	0.00000	0.00000	0.00003
QUE001542_mac	0.00000	0.99971	0.00000	0.00000	0.00000	0.00000	0.00000	0.00000	0.00000	0.00029
QUE001547_mac	0.00000	0.99975	0.00000	0.00000	0.00000	0.00000	0.00000	0.00000	0.00000	0.00025
QUE001548_mac	0.00000	0.99999	0.00000	0.00000	0.00000	0.00000	0.00000	0.00000	0.00000	0.00001
QUE001549_mac	0.00000	0.99998	0.00000	0.00000	0.00000	0.00000	0.00000	0.00000	0.00000	0.00002
QUE001463_alb	0.99996	0.00000	0.00000	0.00000	0.00000	0.00000	0.00000	0.00000	0.00004	0.00000
QUE001551_mac	0.00000	0.99996	0.00000	0.00000	0.00000	0.00000	0.00000	0.00000	0.00000	0.00004
QUE001554_mac	0.00000	0.99984	0.00000	0.00000	0.00000	0.00000	0.00000	0.00000	0.00000	0.00016
QUE001556_mac	0.00000	0.99991	0.00000	0.00000	0.00000	0.00000	0.00000	0.00000	0.00000	0.00009
QUE001758_alb	0.99937	0.00000	0.00000	0.00000	0.00000	0.00000	0.00000	0.00000	0.00063	0.00000
QUE001759_mac	0.00000	0.99975	0.00000	0.00000	0.00000	0.00000	0.00000	0.00000	0.00000	0.00025
QUE001804_mac	0.00000	0.99998	0.00000	0.00000	0.00000	0.00000	0.00000	0.00000	0.00000	0.00002
QUE001814_mac	0.00000	0.99999	0.00000	0.00000	0.00000	0.00000	0.00000	0.00000	0.00000	0.00001
QUE001815_alb	0.99978	0.00000	0.00000	0.00000	0.00000	0.00000	0.00000	0.00000	0.00022	0.00000
QUE001841_alb	0.00000	0.00000	0.00000	0.00000	0.00027	0.00000	0.74741	0.00000	0.25231	0.00000
QUE001863_mac	0.00000	0.99996	0.00000	0.00000	0.00000	0.00000	0.00000	0.00000	0.00000	0.00004
QUE001916_mac	0.00000	0.99998	0.00000	0.00000	0.00000	0.00000	0.00000	0.00000	0.00000	0.00002
QUE001918_alb	0.99995	0.00000	0.00000	0.00000	0.00000	0.00000	0.00000	0.00000	0.00005	0.00000
QUE001932_alb	0.99991	0.00000	0.00000	0.00000	0.00000	0.00000	0.00000	0.00000	0.00009	0.00000
QUE001933_mac	0.00000	0.99815	0.00000	0.00000	0.00000	0.00000	0.00000	0.00001	0.00000	0.00184
QUE001783_mac	0.00000	0.99937	0.00000	0.00000	0.00000	0.00000	0.00000	0.00000	0.00000	0.00062
QUE001880_mac	0.00000	0.99994	0.00000	0.00000	0.00000	0.00000	0.00000	0.00000	0.00000	0.00006
QUE001907_mac	0.00000	0.99978	0.00000	0.00000	0.00000	0.00000	0.00000	0.00000	0.00000	0.00022
QUE001937_mac	0.00000	0.99980	0.00000	0.00000	0.00000	0.00000	0.00000	0.00000	0.00000	0.00020
QUE001963_mac	0.00000	0.99999	0.00000	0.00000	0.00000	0.00000	0.00000	0.00000	0.00000	0.00001
QUE001971_mac	0.00000	0.99997	0.00000	0.00000	0.00000	0.00000	0.00000	0.00000	0.00000	0.00003
QUE001982_mac	0.00000	0.91834	0.00000	0.00000	0.00000	0.00000	0.00000	0.00248	0.00000	0.07918
QUE002057_mac	0.00000	0.99997	0.00000	0.00000	0.00000	0.00000	0.00000	0.00000	0.00000	0.00003
QUE002074_mac	0.00000	0.99922	0.00000	0.00000	0.00000	0.00000	0.00000	0.00000	0.00000	0.00078
QUE002075_alb	0.99915	0.00000	0.00000	0.00000	0.00000	0.00000	0.00000	0.00000	0.00084	0.00000
QUE002081_mac	0.00000	1.00000	0.00000	0.00000	0.00000	0.00000	0.00000	0.00000	0.00000	0.00000
QUE002082_mac	0.00000	0.99937	0.00000	0.00000	0.00000	0.00000	0.00000	0.00000	0.00000	0.00063
QUE002085_mac	0.00000	0.99988	0.00000	0.00000	0.00000	0.00000	0.00000	0.00000	0.00000	0.00012
QUE002091_alb	0.99947	0.00000	0.00000	0.00000	0.00000	0.00000	0.00000	0.00000	0.00052	0.00000
QUE002105_mac	0.00000	0.99938	0.00000	0.00000	0.00000	0.00000	0.00000	0.00000	0.00000	0.00062
QUE002108_alb	0.99998	0.00000	0.00000	0.00000	0.00000	0.00000	0.00000	0.00000	0.00002	0.00000
QUE002121_alb	0.99857	0.00000	0.00000	0.00000	0.00000	0.00000	0.00000	0.00000	0.00142	0.00000
QUE002129_mac	0.00000	0.99995	0.00000	0.00000	0.00000	0.00000	0.00000	0.00000	0.00000	0.00005
QUE002138_alb	0.99942	0.00000	0.00000	0.00000	0.00000	0.00000	0.00001	0.00000	0.00057	0.00000
QUE002154_mac	0.00000	0.99993	0.00000	0.00000	0.00000	0.00000	0.00000	0.00000	0.00000	0.00007
QUE002187_mac	0.00000	0.99994	0.00000	0.00000	0.00000	0.00000	0.00000	0.00000	0.00000	0.00006
QUE002210_alb	0.99994	0.00000	0.00000	0.00000	0.00000	0.00000	0.00000	0.00000	0.00006	0.00000
QUE002251_mac	0.00000	0.99998	0.00000	0.00000	0.00000	0.00000	0.00000	0.00000	0.00000	0.00002
QUE002253_alb	0.99652	0.00000	0.00000	0.00000	0.00000	0.00000	0.00003	0.00000	0.00344	0.00000
QUE002302_mac	0.00000	0.99976	0.00000	0.00000	0.00000	0.00000	0.00000	0.00000	0.00000	0.00023
QUE002304_mac	0.00000	0.99998	0.00000	0.00000	0.00000	0.00000	0.00000	0.00000	0.00000	0.00002
QUE002336_mac	0.00000	0.99987	0.00000	0.00000	0.00000	0.00000	0.00000	0.00000	0.00000	0.00013
QUE002337_alb	0.99973	0.00000	0.00000	0.00000	0.00000	0.00000	0.00000	0.00000	0.00027	0.00000
QUE002355_alb	0.99998	0.00000	0.00000	0.00000	0.00000	0.00000	0.00000	0.00000	0.00002	0.00000
QUE002367_mac	0.00000	0.99998	0.00000	0.00000	0.00000	0.00000	0.00000	0.00000	0.00000	0.00002
QUE002399_alb	0.99579	0.00000	0.00000	0.00000	0.00000	0.00000	0.00008	0.00000	0.00414	0.00000
QUE002400_mac	0.00000	0.99960	0.00000	0.00000	0.00000	0.00000	0.00000	0.00000	0.00000	0.00039
QUE002424_mac	0.00000	0.99952	0.00000	0.00000	0.00000	0.00000	0.00000	0.00000	0.00000	0.00048
QUE002471_mac	0.00000	0.99891	0.00000	0.00000	0.00000	0.00000	0.00000	0.00000	0.00000	0.00109
QUE002480_mac	0.00000	0.99990	0.00000	0.00000	0.00000	0.00000	0.00000	0.00000	0.00000	0.00010
QUE002493_alb	0.99921	0.00000	0.00000	0.00000	0.00000	0.00000	0.00001	0.00000	0.00078	0.00000
QUE002526_alb	0.99971	0.00000	0.00000	0.00000	0.00000	0.00000	0.00000	0.00000	0.00029	0.00000
QUE002535_alb	0.99997	0.00000	0.00000	0.00000	0.00000	0.00000	0.00000	0.00000	0.00003	0.00000
QUE002579_mac	0.00000	0.99935	0.00000	0.00000	0.00000	0.00000	0.00000	0.00000	0.00000	0.00064
QUE002364_mac	0.00000	1.00000	0.00000	0.00000	0.00000	0.00000	0.00000	0.00000	0.00000	0.00000
QUE002369_mac	0.00000	0.99878	0.00000	0.00000	0.00000	0.00000	0.00000	0.00000	0.00000	0.00122
QUE002370_alb	0.99986	0.00000	0.00000	0.00000	0.00000	0.00000	0.00000	0.00000	0.00014	0.00000
QUE002371_mac	0.00000	0.99997	0.00000	0.00000	0.00000	0.00000	0.00000	0.00000	0.00000	0.00003
QUE002373_mac	0.00000	0.99987	0.00000	0.00000	0.00000	0.00000	0.00000	0.00000	0.00000	0.00013
QUE002374_mac	0.00000	0.99959	0.00000	0.00000	0.00000	0.00000	0.00000	0.00000	0.00000	0.00041
QUE002375_alb	0.03057	0.00000	0.00000	0.00000	0.00000	0.00000	0.59465	0.00000	0.37478	0.00000
QUE001610_mac	0.00000	0.99685	0.00000	0.00000	0.00000	0.00000	0.00000	0.00004	0.00000	0.00311
QUE001796_mac	0.00000	0.99993	0.00000	0.00000	0.00000	0.00000	0.00000	0.00000	0.00000	0.00007
QUE001846_alb	0.99971	0.00000	0.00000	0.00000	0.00000	0.00000	0.00000	0.00000	0.00029	0.00000
QUE001878_mac	0.00000	0.99983	0.00000	0.00000	0.00000	0.00000	0.00000	0.00000	0.00000	0.00017
QUE001885_alb	0.00000	0.00000	1.00000	0.00000	0.00000	0.00000	0.00000	0.00000	0.00000	0.00000
QUE001900_mac	0.00000	0.99967	0.00000	0.00000	0.00000	0.00000	0.00000	0.00000	0.00000	0.00033
QUE001904_mac	0.00000	0.99937	0.00000	0.00000	0.00000	0.00000	0.00000	0.00000	0.00000	0.00062
QUE001912_mac	0.00000	0.99974	0.00000	0.00000	0.00000	0.00000	0.00000	0.00000	0.00000	0.00026
QUE001920_alb	0.00000	0.00000	0.99999	0.00001	0.00000	0.00000	0.00000	0.00000	0.00000	0.00000
QUE001922_mac	0.00000	0.00000	1.00000	0.00000	0.00000	0.00000	0.00000	0.00000	0.00000	0.00000
QUE001924_mac	0.00000	0.99832	0.00000	0.00000	0.00000	0.00000	0.00000	0.00002	0.00000	0.00165
QUE001928_mac	0.00000	0.99998	0.00000	0.00000	0.00000	0.00000	0.00000	0.00000	0.00000	0.00002
QUE001929_mac	0.00000	0.99982	0.00000	0.00000	0.00000	0.00000	0.00000	0.00000	0.00000	0.00018
QUE001936_mac	0.00000	0.99999	0.00000	0.00000	0.00000	0.00000	0.00000	0.00000	0.00000	0.00001
QUE001943_alb	0.99987	0.00000	0.00000	0.00000	0.00000	0.00000	0.00000	0.00000	0.00013	0.00000
QUE001959_mac	0.00000	0.99992	0.00000	0.00000	0.00000	0.00000	0.00000	0.00000	0.00000	0.00008
QUE001969_mac	0.00000	0.99996	0.00000	0.00000	0.00000	0.00000	0.00000	0.00000	0.00000	0.00004
QUE001980_mac	0.00000	0.99998	0.00000	0.00000	0.00000	0.00000	0.00000	0.00000	0.00000	0.00002
QUE001985_mac	0.00000	0.99988	0.00000	0.00000	0.00000	0.00000	0.00000	0.00000	0.00000	0.00012
QUE002058_mac	0.00000	0.99928	0.00000	0.00000	0.00000	0.00000	0.00000	0.00000	0.00000	0.00072
QUE002068_mac	0.00000	0.99995	0.00000	0.00000	0.00000	0.00000	0.00000	0.00000	0.00000	0.00005
QUE002069_mac	0.00000	0.99910	0.00000	0.00000	0.00000	0.00000	0.00000	0.00001	0.00000	0.00089
QUE002072_mac	0.00000	0.99970	0.00000	0.00000	0.00000	0.00000	0.00000	0.00000	0.00000	0.00030
QUE002073_mac	0.00000	0.99910	0.00000	0.00000	0.00000	0.00000	0.00000	0.00000	0.00000	0.00090
QUE002076_mac	0.00000	0.99913	0.00000	0.00000	0.00000	0.00000	0.00000	0.00001	0.00000	0.00086
QUE002083_mac	0.00000	0.99962	0.00000	0.00000	0.00000	0.00000	0.00000	0.00000	0.00000	0.00038
QUE002084_mac	0.00000	0.99906	0.00000	0.00000	0.00000	0.00000	0.00000	0.00001	0.00000	0.00093
QUE002087_mac	0.00000	0.99975	0.00000	0.00000	0.00000	0.00000	0.00000	0.00000	0.00000	0.00025
QUE002096_mac	0.00000	0.99987	0.00000	0.00000	0.00000	0.00000	0.00000	0.00000	0.00000	0.00013
QUE002106_mac	0.00000	0.00000	1.00000	0.00000	0.00000	0.00000	0.00000	0.00000	0.00000	0.00000
QUE002109_alb	0.99990	0.00000	0.00000	0.00000	0.00000	0.00000	0.00000	0.00000	0.00010	0.00000
QUE002110_mac	0.00000	0.99968	0.00000	0.00000	0.00000	0.00000	0.00000	0.00000	0.00000	0.00032
QUE002114_mac	0.00000	0.99986	0.00000	0.00000	0.00000	0.00000	0.00000	0.00000	0.00000	0.00013
QUE002119_mac	0.00000	0.99989	0.00000	0.00000	0.00000	0.00000	0.00000	0.00000	0.00000	0.00011
QUE002124_alb	0.99990	0.00000	0.00000	0.00000	0.00000	0.00000	0.00000	0.00000	0.00010	0.00000
QUE002128_alb	0.99997	0.00000	0.00000	0.00000	0.00000	0.00000	0.00000	0.00000	0.00003	0.00000
QUE002135_mac	0.00000	0.95832	0.00000	0.00000	0.00000	0.00000	0.00000	0.00252	0.00000	0.03916
QUE002136_mac	0.00000	0.99984	0.00000	0.00000	0.00000	0.00000	0.00000	0.00000	0.00000	0.00016
QUE002147_mac	0.00000	0.99989	0.00000	0.00000	0.00000	0.00000	0.00000	0.00000	0.00000	0.00011
QUE002148_mac	0.00000	0.99981	0.00000	0.00000	0.00000	0.00000	0.00000	0.00000	0.00000	0.00019
QUE002149_alb	0.00000	0.00000	1.00000	0.00000	0.00000	0.00000	0.00000	0.00000	0.00000	0.00000
QUE002151_mac	0.00000	0.99993	0.00000	0.00000	0.00000	0.00000	0.00000	0.00000	0.00000	0.00007
QUE002159_mac	0.00000	0.97827	0.00000	0.00000	0.00000	0.00000	0.00000	0.00089	0.00000	0.02083
QUE002160_mac	0.00000	0.99989	0.00000	0.00000	0.00000	0.00000	0.00000	0.00000	0.00000	0.00011
QUE002161_mac	0.00000	0.99998	0.00000	0.00000	0.00000	0.00000	0.00000	0.00000	0.00000	0.00002
QUE002166_mac	0.00000	0.96322	0.00000	0.00000	0.00000	0.00000	0.00000	0.00041	0.00000	0.03637
QUE002170_mac	0.00000	0.99976	0.00000	0.00000	0.00000	0.00000	0.00000	0.00000	0.00000	0.00024
QUE002175_mac	0.00000	0.99991	0.00000	0.00000	0.00000	0.00000	0.00000	0.00000	0.00000	0.00009
QUE002176_alb	0.99906	0.00000	0.00000	0.00000	0.00000	0.00000	0.00000	0.00000	0.00094	0.00000
QUE002194_mac	0.00000	0.99974	0.00000	0.00000	0.00000	0.00000	0.00000	0.00000	0.00000	0.00026
QUE002202_mac	0.00000	0.96491	0.00000	0.00000	0.00000	0.00000	0.00000	0.00055	0.00000	0.03453
QUE002216_alb	0.99997	0.00000	0.00000	0.00000	0.00000	0.00000	0.00000	0.00000	0.00003	0.00000
QUE002225_alb	0.99851	0.00000	0.00000	0.00000	0.00000	0.00000	0.00001	0.00000	0.00148	0.00000
QUE002232_alb	0.99997	0.00000	0.00000	0.00000	0.00000	0.00000	0.00000	0.00000	0.00003	0.00000
QUE002256_mac	0.00000	0.99905	0.00000	0.00000	0.00000	0.00000	0.00000	0.00000	0.00000	0.00095
QUE002261_alb	0.99994	0.00000	0.00000	0.00000	0.00000	0.00000	0.00000	0.00000	0.00006	0.00000
QUE002265_mac	0.00000	0.99999	0.00000	0.00000	0.00000	0.00000	0.00000	0.00000	0.00000	0.00001
QUE002268_mac	0.00000	0.99998	0.00000	0.00000	0.00000	0.00000	0.00000	0.00000	0.00000	0.00002
QUE002269_alb	0.99995	0.00000	0.00000	0.00000	0.00000	0.00000	0.00000	0.00000	0.00005	0.00000
QUE002275_alb	0.99953	0.00000	0.00000	0.00000	0.00000	0.00000	0.00000	0.00000	0.00047	0.00000
QUE002291_mac	0.00000	0.99999	0.00000	0.00000	0.00000	0.00000	0.00000	0.00000	0.00000	0.00001
QUE002299_mac	0.00000	0.99979	0.00000	0.00000	0.00000	0.00000	0.00000	0.00000	0.00000	0.00021
QUE002313_alb	0.95226	0.00000	0.00000	0.00000	0.00000	0.00000	0.00113	0.00000	0.04661	0.00000
QUE002314_alb	0.99995	0.00000	0.00000	0.00000	0.00000	0.00000	0.00000	0.00000	0.00005	0.00000
QUE002315_alb	0.99995	0.00000	0.00000	0.00000	0.00000	0.00000	0.00000	0.00000	0.00005	0.00000
QUE002319_alb	0.99992	0.00000	0.00000	0.00000	0.00000	0.00000	0.00000	0.00000	0.00008	0.00000
QUE002324_alb	0.99999	0.00000	0.00000	0.00000	0.00000	0.00000	0.00000	0.00000	0.00001	0.00000
QUE002338_mac	0.00000	0.99711	0.00000	0.00000	0.00000	0.00000	0.00000	0.00000	0.00000	0.00288
QUE002339_alb	0.99969	0.00000	0.00000	0.00000	0.00000	0.00000	0.00000	0.00000	0.00031	0.00000
QUE002341_mac	0.00000	0.75887	0.00000	0.00000	0.00000	0.00000	0.00000	0.00394	0.00000	0.23719
QUE002342_alb	0.99989	0.00000	0.00000	0.00000	0.00000	0.00000	0.00000	0.00000	0.00011	0.00000
QUE002346_alb	0.99999	0.00000	0.00000	0.00000	0.00000	0.00000	0.00000	0.00000	0.00001	0.00000
QUE002351_alb	0.99996	0.00000	0.00000	0.00000	0.00000	0.00000	0.00000	0.00000	0.00004	0.00000
QUE002362_alb	0.99993	0.00000	0.00000	0.00000	0.00000	0.00000	0.00000	0.00000	0.00007	0.00000
QUE002379_mac	0.00000	0.99995	0.00000	0.00000	0.00000	0.00000	0.00000	0.00000	0.00000	0.00005
QUE002383_alb	0.99993	0.00000	0.00000	0.00000	0.00000	0.00000	0.00000	0.00000	0.00007	0.00000
QUE002384_mac	0.00000	0.99999	0.00000	0.00000	0.00000	0.00000	0.00000	0.00000	0.00000	0.00001
QUE002385_alb	0.00000	0.00000	1.00000	0.00000	0.00000	0.00000	0.00000	0.00000	0.00000	0.00000
QUE002392_alb	0.99999	0.00000	0.00000	0.00000	0.00000	0.00000	0.00000	0.00000	0.00001	0.00000
QUE002393_mac	0.00000	0.99991	0.00000	0.00000	0.00000	0.00000	0.00000	0.00000	0.00000	0.00009
QUE002404_mac	0.00000	0.99997	0.00000	0.00000	0.00000	0.00000	0.00000	0.00000	0.00000	0.00003
QUE002410_alb	0.99953	0.00000	0.00000	0.00000	0.00000	0.00000	0.00000	0.00000	0.00047	0.00000
QUE002411_mac	0.00000	0.99999	0.00000	0.00000	0.00000	0.00000	0.00000	0.00000	0.00000	0.00001
QUE002416_alb	0.99979	0.00000	0.00000	0.00000	0.00000	0.00000	0.00000	0.00000	0.00021	0.00000
QUE002417_mac	0.00000	0.99998	0.00000	0.00000	0.00000	0.00000	0.00000	0.00000	0.00000	0.00002
QUE002422_alb	0.91989	0.00000	0.00000	0.00000	0.00000	0.00000	0.00457	0.00000	0.07554	0.00000
QUE002427_mac	0.00000	0.99997	0.00000	0.00000	0.00000	0.00000	0.00000	0.00000	0.00000	0.00003
QUE002430_mac	0.00000	0.99997	0.00000	0.00000	0.00000	0.00000	0.00000	0.00000	0.00000	0.00003
QUE002433_mac	0.00000	0.99997	0.00000	0.00000	0.00000	0.00000	0.00000	0.00000	0.00000	0.00003
QUE002443_mac	0.00000	0.99998	0.00000	0.00000	0.00000	0.00000	0.00000	0.00000	0.00000	0.00002
QUE002445_mac	0.00000	0.99994	0.00000	0.00000	0.00000	0.00000	0.00000	0.00000	0.00000	0.00006
QUE002450_mac	0.00000	0.99999	0.00000	0.00000	0.00000	0.00000	0.00000	0.00000	0.00000	0.00001
QUE002453_mac	0.00000	0.99997	0.00000	0.00000	0.00000	0.00000	0.00000	0.00000	0.00000	0.00003
QUE002454_mac	0.00000	0.99939	0.00000	0.00000	0.00000	0.00000	0.00000	0.00000	0.00000	0.00061
QUE002459_mac	0.00000	0.99992	0.00000	0.00000	0.00000	0.00000	0.00000	0.00000	0.00000	0.00008
QUE002460_mac	0.00000	0.99998	0.00000	0.00000	0.00000	0.00000	0.00000	0.00000	0.00000	0.00002
QUE002467_mac	0.00000	0.99999	0.00000	0.00000	0.00000	0.00000	0.00000	0.00000	0.00000	0.00001
QUE002474_mac	0.00000	0.99999	0.00000	0.00000	0.00000	0.00000	0.00000	0.00000	0.00000	0.00001
QUE002478_mac	0.00000	0.99999	0.00000	0.00000	0.00000	0.00000	0.00000	0.00000	0.00000	0.00001
QUE002487_alb	0.99937	0.00000	0.00000	0.00000	0.00000	0.00000	0.00000	0.00000	0.00063	0.00000
QUE002492_mac	0.00000	0.99831	0.00000	0.00000	0.00000	0.00000	0.00000	0.00001	0.00000	0.00168
QUE002494_alb	0.99996	0.00000	0.00000	0.00000	0.00000	0.00000	0.00000	0.00000	0.00004	0.00000
QUE002495_alb	0.99802	0.00000	0.00000	0.00000	0.00000	0.00000	0.00001	0.00000	0.00197	0.00000
QUE002496_mac	0.00000	0.99999	0.00000	0.00000	0.00000	0.00000	0.00000	0.00000	0.00000	0.00001
QUE002502_mac	0.00000	0.99989	0.00000	0.00000	0.00000	0.00000	0.00000	0.00000	0.00000	0.00011
QUE002503_alb	0.99994	0.00000	0.00000	0.00000	0.00000	0.00000	0.00000	0.00000	0.00006	0.00000
QUE002510_mac	0.00000	0.99927	0.00000	0.00000	0.00000	0.00000	0.00000	0.00000	0.00000	0.00073
QUE002511_alb	0.99992	0.00000	0.00000	0.00000	0.00000	0.00000	0.00000	0.00000	0.00008	0.00000
QUE002515_mac	0.00000	0.99998	0.00000	0.00000	0.00000	0.00000	0.00000	0.00000	0.00000	0.00002
QUE002518_mac	0.00000	0.99986	0.00000	0.00000	0.00000	0.00000	0.00000	0.00000	0.00000	0.00014
QUE002520_mac	0.00000	0.99984	0.00000	0.00000	0.00000	0.00000	0.00000	0.00000	0.00000	0.00016
QUE002521_mac	0.00000	0.99994	0.00000	0.00000	0.00000	0.00000	0.00000	0.00000	0.00000	0.00006
QUE002522_alb	0.99993	0.00000	0.00000	0.00000	0.00000	0.00000	0.00000	0.00000	0.00007	0.00000
QUE002533_mac	0.00000	0.99999	0.00000	0.00000	0.00000	0.00000	0.00000	0.00000	0.00000	0.00001
QUE002534_alb	0.99992	0.00000	0.00000	0.00000	0.00000	0.00000	0.00000	0.00000	0.00008	0.00000
QUE002542_mac	0.00000	0.99997	0.00000	0.00000	0.00000	0.00000	0.00000	0.00000	0.00000	0.00003
QUE002544_alb	0.99947	0.00000	0.00000	0.00000	0.00000	0.00000	0.00000	0.00000	0.00053	0.00000
QUE002555_alb	0.99996	0.00000	0.00000	0.00000	0.00000	0.00000	0.00000	0.00000	0.00004	0.00000
QUE002558_mac	0.00000	0.99996	0.00000	0.00000	0.00000	0.00000	0.00000	0.00000	0.00000	0.00004
QUE002559_mac	0.00000	0.99996	0.00000	0.00000	0.00000	0.00000	0.00000	0.00000	0.00000	0.00004
QUE002560_mac	0.00000	0.99927	0.00000	0.00000	0.00000	0.00000	0.00000	0.00000	0.00000	0.00073
QUE002564_mac	0.00000	0.99994	0.00000	0.00000	0.00000	0.00000	0.00000	0.00000	0.00000	0.00006
QUE002581_mac	0.00000	0.98799	0.00000	0.00000	0.00000	0.00000	0.00000	0.00039	0.00000	0.01163
QUE002570_mac	0.00000	0.99979	0.00000	0.00000	0.00000	0.00000	0.00000	0.00000	0.00000	0.00021
QUE001632_mac	0.00000	0.99904	0.00000	0.00000	0.00000	0.00000	0.00000	0.00001	0.00000	0.00095
QUE001635_mac	0.00000	0.99989	0.00000	0.00000	0.00000	0.00000	0.00000	0.00000	0.00000	0.00011
QUE001636_mac	0.00000	0.99993	0.00000	0.00000	0.00000	0.00000	0.00000	0.00000	0.00000	0.00007
QUE001638_mac	0.00000	0.99984	0.00000	0.00000	0.00000	0.00000	0.00000	0.00000	0.00000	0.00016
QUE001644_mac	0.00000	0.99998	0.00000	0.00000	0.00000	0.00000	0.00000	0.00000	0.00000	0.00002
QUE001645_mac	0.00000	0.99997	0.00000	0.00000	0.00000	0.00000	0.00000	0.00000	0.00000	0.00003
QUE001647_mac	0.00000	0.99998	0.00000	0.00000	0.00000	0.00000	0.00000	0.00000	0.00000	0.00002
QUE001648_mac	0.00000	0.99994	0.00000	0.00000	0.00000	0.00000	0.00000	0.00000	0.00000	0.00006
QUE001651_mac	0.00000	0.99997	0.00000	0.00000	0.00000	0.00000	0.00000	0.00000	0.00000	0.00003
QUE001654_alb	0.99997	0.00000	0.00000	0.00000	0.00000	0.00000	0.00000	0.00000	0.00003	0.00000
QUE001656_mac	0.00000	0.99999	0.00000	0.00000	0.00000	0.00000	0.00000	0.00000	0.00000	0.00001
QUE001658_mac	0.00000	0.99987	0.00000	0.00000	0.00000	0.00000	0.00000	0.00000	0.00000	0.00013
QUE001661_mac	0.00000	0.99904	0.00000	0.00000	0.00000	0.00000	0.00000	0.00001	0.00000	0.00095
QUE001664_mac	0.00000	0.99977	0.00000	0.00000	0.00000	0.00000	0.00000	0.00000	0.00000	0.00023
QUE001667_mac	0.00000	0.99778	0.00000	0.00000	0.00000	0.00000	0.00000	0.00001	0.00000	0.00221
QUE001668_mac	0.00000	0.99992	0.00000	0.00000	0.00000	0.00000	0.00000	0.00000	0.00000	0.00008
QUE001676_mac	0.00000	0.99992	0.00000	0.00000	0.00000	0.00000	0.00000	0.00000	0.00000	0.00008
QUE001677_mac	0.00000	0.99996	0.00000	0.00000	0.00000	0.00000	0.00000	0.00000	0.00000	0.00004
QUE001678_mac	0.00000	0.99995	0.00000	0.00000	0.00000	0.00000	0.00000	0.00000	0.00000	0.00005
QUE001679_mac	0.00000	0.99994	0.00000	0.00000	0.00000	0.00000	0.00000	0.00000	0.00000	0.00006
QUE001684_mac	0.00000	0.99984	0.00000	0.00000	0.00000	0.00000	0.00000	0.00000	0.00000	0.00016
QUE001686_mac	0.00000	0.99979	0.00000	0.00000	0.00000	0.00000	0.00000	0.00000	0.00000	0.00021
QUE001687_mac	0.00000	0.99981	0.00000	0.00000	0.00000	0.00000	0.00000	0.00000	0.00000	0.00019
QUE001690_mac	0.00000	0.99974	0.00000	0.00000	0.00000	0.00000	0.00000	0.00000	0.00000	0.00026
QUE001691_mac	0.00000	0.99998	0.00000	0.00000	0.00000	0.00000	0.00000	0.00000	0.00000	0.00002
QUE001697_mac	0.00000	0.99984	0.00000	0.00000	0.00000	0.00000	0.00000	0.00000	0.00000	0.00016
QUE001700_mac	0.00000	0.99999	0.00000	0.00000	0.00000	0.00000	0.00000	0.00000	0.00000	0.00001
QUE001705_mac	0.00000	0.99987	0.00000	0.00000	0.00000	0.00000	0.00000	0.00000	0.00000	0.00013
QUE001706_mac	0.00000	0.99987	0.00000	0.00000	0.00000	0.00000	0.00000	0.00000	0.00000	0.00013
QUE001713_mac	0.00000	0.99996	0.00000	0.00000	0.00000	0.00000	0.00000	0.00000	0.00000	0.00004
QUE001716_mac	0.00000	0.99989	0.00000	0.00000	0.00000	0.00000	0.00000	0.00000	0.00000	0.00011
QUE001719_mac	0.00000	0.99911	0.00000	0.00000	0.00000	0.00000	0.00000	0.00000	0.00000	0.00089
QUE001721_mac	0.00000	0.99995	0.00000	0.00000	0.00000	0.00000	0.00000	0.00000	0.00000	0.00005
QUE001723_mac	0.00000	0.99997	0.00000	0.00000	0.00000	0.00000	0.00000	0.00000	0.00000	0.00003
QUE001724_mac	0.00000	0.99996	0.00000	0.00000	0.00000	0.00000	0.00000	0.00000	0.00000	0.00004
QUE001652_mac	0.00000	0.98978	0.00000	0.00000	0.00000	0.00000	0.00000	0.00018	0.00000	0.01004
QUE001655_mac	0.00000	0.99993	0.00000	0.00000	0.00000	0.00000	0.00000	0.00000	0.00000	0.00007
QUE001670_mac	0.00000	0.99928	0.00000	0.00000	0.00000	0.00000	0.00000	0.00001	0.00000	0.00072
QUE001673_mac	0.00000	0.99979	0.00000	0.00000	0.00000	0.00000	0.00000	0.00000	0.00000	0.00021
QUE001680_mac	0.00000	0.99995	0.00000	0.00000	0.00000	0.00000	0.00000	0.00000	0.00000	0.00005
QUE001682_mac	0.00000	0.99999	0.00000	0.00000	0.00000	0.00000	0.00000	0.00000	0.00000	0.00001
