600000_sweeps	IndivName	1.000/0.000/0.000/0.000	0.000/0.000/0.000/1.000	0.000/0.500/0.500/0.000	0.250/0.250/0.250/0.250	0.500/0.250/0.250/0.000	0.000/0.250/0.250/0.500	0.750/0.125/0.125/0.000	0.000/0.125/0.125/0.750	0.875/0.062/0.062/0.000	0.000/0.062/0.062/0.875
1	NoName	0.00000	0.99998	0.00000	0.00000	0.00000	0.00000	0.00000	0.00000	0.00000	0.00002
2	NoName	0.00000	0.99999	0.00000	0.00000	0.00000	0.00000	0.00000	0.00000	0.00000	0.00001
3	NoName	0.00000	0.99992	0.00000	0.00000	0.00000	0.00000	0.00000	0.00000	0.00000	0.00008
4	NoName	0.00000	0.99977	0.00000	0.00000	0.00000	0.00000	0.00000	0.00000	0.00000	0.00023
5	NoName	0.00000	0.99945	0.00000	0.00000	0.00000	0.00000	0.00000	0.00001	0.00000	0.00054
6	NoName	0.00000	0.99996	0.00000	0.00000	0.00000	0.00000	0.00000	0.00000	0.00000	0.00004
7	NoName	0.00000	0.99998	0.00000	0.00000	0.00000	0.00000	0.00000	0.00000	0.00000	0.00002
8	NoName	0.00000	0.99968	0.00000	0.00000	0.00000	0.00000	0.00000	0.00000	0.00000	0.00032
9	NoName	0.00000	0.99995	0.00000	0.00000	0.00000	0.00000	0.00000	0.00000	0.00000	0.00005
10	NoName	0.00000	0.99999	0.00000	0.00000	0.00000	0.00000	0.00000	0.00000	0.00000	0.00001
11	NoName	0.00000	0.99998	0.00000	0.00000	0.00000	0.00000	0.00000	0.00000	0.00000	0.00002
12	NoName	0.00000	0.99995	0.00000	0.00000	0.00000	0.00000	0.00000	0.00000	0.00000	0.00005
13	NoName	0.00000	0.99834	0.00000	0.00000	0.00000	0.00000	0.00000	0.00004	0.00000	0.00162
14	NoName	0.00000	0.99983	0.00000	0.00000	0.00000	0.00000	0.00000	0.00000	0.00000	0.00017
15	NoName	0.00000	0.99999	0.00000	0.00000	0.00000	0.00000	0.00000	0.00000	0.00000	0.00001
16	NoName	0.00000	0.99999	0.00000	0.00000	0.00000	0.00000	0.00000	0.00000	0.00000	0.00001
17	NoName	0.00000	0.99996	0.00000	0.00000	0.00000	0.00000	0.00000	0.00000	0.00000	0.00004
18	NoName	0.99964	0.00000	0.00000	0.00000	0.00000	0.00000	0.00000	0.00000	0.00036	0.00000
19	NoName	0.99998	0.00000	0.00000	0.00000	0.00000	0.00000	0.00000	0.00000	0.00002	0.00000
20	NoName	0.00000	0.99997	0.00000	0.00000	0.00000	0.00000	0.00000	0.00000	0.00000	0.00003
21	NoName	0.00000	0.99994	0.00000	0.00000	0.00000	0.00000	0.00000	0.00000	0.00000	0.00006
22	NoName	0.00000	0.99999	0.00000	0.00000	0.00000	0.00000	0.00000	0.00000	0.00000	0.00001
23	NoName	0.00000	0.99950	0.00000	0.00000	0.00000	0.00000	0.00000	0.00000	0.00000	0.00049
24	NoName	0.00000	0.99969	0.00000	0.00000	0.00000	0.00000	0.00000	0.00000	0.00000	0.00030
25	NoName	0.99999	0.00000	0.00000	0.00000	0.00000	0.00000	0.00000	0.00000	0.00001	0.00000
26	NoName	0.99990	0.00000	0.00000	0.00000	0.00000	0.00000	0.00000	0.00000	0.00010	0.00000
27	NoName	0.99987	0.00000	0.00000	0.00000	0.00000	0.00000	0.00000	0.00000	0.00013	0.00000
28	NoName	0.99994	0.00000	0.00000	0.00000	0.00000	0.00000	0.00000	0.00000	0.00006	0.00000
29	NoName	0.99878	0.00000	0.00000	0.00000	0.00000	0.00000	0.00001	0.00000	0.00121	0.00000
30	NoName	0.99996	0.00000	0.00000	0.00000	0.00000	0.00000	0.00000	0.00000	0.00004	0.00000
31	NoName	0.99954	0.00000	0.00000	0.00000	0.00000	0.00000	0.00000	0.00000	0.00046	0.00000
32	NoName	0.99997	0.00000	0.00000	0.00000	0.00000	0.00000	0.00000	0.00000	0.00003	0.00000
33	NoName	0.99962	0.00000	0.00000	0.00000	0.00000	0.00000	0.00000	0.00000	0.00038	0.00000
34	NoName	0.99996	0.00000	0.00000	0.00000	0.00000	0.00000	0.00000	0.00000	0.00004	0.00000
35	NoName	0.99993	0.00000	0.00000	0.00000	0.00000	0.00000	0.00000	0.00000	0.00007	0.00000
36	NoName	0.00000	0.99992	0.00000	0.00000	0.00000	0.00000	0.00000	0.00000	0.00000	0.00008
37	NoName	0.99988	0.00000	0.00000	0.00000	0.00000	0.00000	0.00000	0.00000	0.00012	0.00000
38	NoName	0.99997	0.00000	0.00000	0.00000	0.00000	0.00000	0.00000	0.00000	0.00003	0.00000
39	NoName	0.97714	0.00000	0.00000	0.00000	0.00000	0.00000	0.00109	0.00000	0.02177	0.00000
40	NoName	0.00000	0.99985	0.00000	0.00000	0.00000	0.00000	0.00000	0.00000	0.00000	0.00015
41	NoName	1.00000	0.00000	0.00000	0.00000	0.00000	0.00000	0.00000	0.00000	0.00000	0.00000
42	NoName	0.99977	0.00000	0.00000	0.00000	0.00000	0.00000	0.00000	0.00000	0.00022	0.00000
43	NoName	0.99961	0.00000	0.00000	0.00000	0.00000	0.00000	0.00000	0.00000	0.00039	0.00000
44	NoName	0.99988	0.00000	0.00000	0.00000	0.00000	0.00000	0.00000	0.00000	0.00012	0.00000
45	NoName	0.00000	0.99999	0.00000	0.00000	0.00000	0.00000	0.00000	0.00000	0.00000	0.00001
46	NoName	0.00000	0.99998	0.00000	0.00000	0.00000	0.00000	0.00000	0.00000	0.00000	0.00002
47	NoName	0.00000	1.00000	0.00000	0.00000	0.00000	0.00000	0.00000	0.00000	0.00000	0.00000
48	NoName	0.99996	0.00000	0.00000	0.00000	0.00000	0.00000	0.00000	0.00000	0.00004	0.00000
