UponCompletionOf_600000_sweeps
LocNumber LocName AlleleNumber AlleleName FreqInPop0 FreqInPop1 SDInPop0 SDinPop1
0	044904:7506880	0	2	0.995011	0.017910	0.006977	0.024616
0	044904:7506880	1	1	0.004989	0.982090	0.006977	0.024616
1	044904:7988216	0	1	0.604967	0.012504	0.046486	0.017375
1	044904:7988216	1	2	0.395033	0.987496	0.046486	0.017375
2	044904:15881998	0	2	0.984210	0.819540	0.012678	0.069577
2	044904:15881998	1	1	0.015790	0.180460	0.012678	0.069577
3	044904:15923383	0	2	0.995409	0.738117	0.006453	0.068676
3	044904:15923383	1	1	0.004591	0.261883	0.006453	0.068676
4	044904:16941418	0	2	0.609572	0.987503	0.045486	0.017362
4	044904:16941418	1	1	0.390428	0.012497	0.045486	0.017362
5	044904:23616597	0	1	0.540433	0.012780	0.046953	0.017709
5	044904:23616597	1	2	0.459567	0.987220	0.046953	0.017709
6	044904:23616715	0	1	0.572335	0.067041	0.051998	0.040482
6	044904:23616715	1	2	0.427665	0.932959	0.051998	0.040482
7	044904:24762746	0	2	0.995607	0.672329	0.006181	0.081787
7	044904:24762746	1	1	0.004393	0.327671	0.006181	0.081787
8	044904:24762945	0	2	0.995093	0.604886	0.006872	0.097797
8	044904:24762945	1	1	0.004907	0.395114	0.006872	0.097797
9	044904:24908226	0	2	0.487228	0.959431	0.046272	0.032053
9	044904:24908226	1	1	0.512772	0.040569	0.046272	0.032053
10	044904:25860236	0	2	0.980802	0.438134	0.015423	0.099272
10	044904:25860236	1	1	0.019198	0.561866	0.015423	0.099272
11	044904:25896133	0	1	0.645221	0.012666	0.044561	0.017567
11	044904:25896133	1	2	0.354779	0.987334	0.044561	0.017567
12	044904:25896445	0	1	0.468799	0.013601	0.046890	0.018860
12	044904:25896445	1	2	0.531201	0.986399	0.046890	0.018860
13	044904:25896492	0	1	0.478200	0.012825	0.046609	0.017790
13	044904:25896492	1	2	0.521800	0.987175	0.046609	0.017790
14	044904:26814201	0	2	0.995091	0.687897	0.006892	0.072350
14	044904:26814201	1	1	0.004909	0.312103	0.006892	0.072350
15	044904:26817028	0	2	0.947153	0.712858	0.021827	0.070723
15	044904:26817028	1	1	0.052847	0.287142	0.021827	0.070723
16	044904:26817571	0	2	0.995453	0.777059	0.006380	0.066707
16	044904:26817571	1	1	0.004547	0.222941	0.006380	0.066707
17	044904:34921423	0	2	0.474792	0.985712	0.049747	0.019830
17	044904:34921423	1	1	0.525208	0.014288	0.049747	0.019830
18	044904:38107892	0	2	0.879464	0.014821	0.030575	0.020519
18	044904:38107892	1	1	0.120536	0.985179	0.030575	0.020519
19	044904:39615158	0	2	0.995361	0.809057	0.006512	0.066441
19	044904:39615158	1	1	0.004639	0.190943	0.006512	0.066441
20	044905:5456960	0	2	0.995627	0.626477	0.006143	0.134051
20	044905:5456960	1	1	0.004373	0.373523	0.006143	0.134051
21	044905:5456968	0	2	0.995646	0.543394	0.006115	0.138286
21	044905:5456968	1	1	0.004354	0.456606	0.006115	0.138286
22	044905:10940409	0	1	0.599606	0.014154	0.045257	0.019622
22	044905:10940409	1	2	0.400394	0.985846	0.045257	0.019622
23	044905:14260930	0	1	0.643401	0.040520	0.049939	0.032004
23	044905:14260930	1	2	0.356599	0.959480	0.049939	0.032004
24	044905:14260948	0	1	0.473606	0.013144	0.051241	0.018141
24	044905:14260948	1	2	0.526394	0.986856	0.051241	0.018141
25	044905:15338536	0	1	0.452781	0.012485	0.046021	0.017342
25	044905:15338536	1	2	0.547219	0.987515	0.046021	0.017342
26	044905:16462263	0	1	0.620969	0.014115	0.045712	0.019609
26	044905:16462263	1	2	0.379031	0.985885	0.045712	0.019609
27	044905:16699602	0	2	0.978436	0.812620	0.013437	0.060968
27	044905:16699602	1	1	0.021564	0.187380	0.013437	0.060968
28	044905:17059896	0	1	0.466832	0.037388	0.048688	0.029569
28	044905:17059896	1	2	0.533168	0.962612	0.048688	0.029569
29	044905:17060540	0	2	0.995689	0.802938	0.006053	0.063726
29	044905:17060540	1	1	0.004311	0.197062	0.006053	0.063726
30	044905:17061322	0	2	0.984237	0.454222	0.012725	0.086954
30	044905:17061322	1	1	0.015763	0.545778	0.012725	0.086954
31	044905:17096194	0	1	0.608136	0.012693	0.045174	0.017586
31	044905:17096194	1	2	0.391864	0.987307	0.045174	0.017586
32	044905:17096356	0	2	0.994891	0.803490	0.007170	0.063732
32	044905:17096356	1	1	0.005109	0.196510	0.007170	0.063732
33	044905:19653056	0	2	0.847180	0.039538	0.034496	0.031225
33	044905:19653056	1	1	0.152820	0.960462	0.034496	0.031225
34	044905:21262910	0	1	0.549307	0.013828	0.051575	0.019129
34	044905:21262910	1	2	0.450693	0.986172	0.051575	0.019129
35	044905:21397336	0	2	0.995413	0.513512	0.006438	0.079896
35	044905:21397336	1	1	0.004587	0.486488	0.006438	0.079896
36	044905:21401522	0	1	0.615953	0.014981	0.046602	0.020698
36	044905:21401522	1	2	0.384047	0.985019	0.046602	0.020698
37	044905:27371173	0	1	0.461443	0.012505	0.046111	0.017401
37	044905:27371173	1	2	0.538557	0.987495	0.046111	0.017401
38	044905:36205759	0	1	0.505277	0.012833	0.051849	0.017793
38	044905:36205759	1	2	0.494723	0.987167	0.051849	0.017793
39	044905:46589381	0	1	0.486661	0.012564	0.047029	0.017433
39	044905:46589381	1	2	0.513339	0.987436	0.047029	0.017433
40	044905:51544911	0	1	0.458165	0.040756	0.047874	0.032138
40	044905:51544911	1	2	0.541835	0.959244	0.047874	0.032138
41	044905:57968531	0	2	0.994835	0.578693	0.007254	0.086062
41	044905:57968531	1	1	0.005165	0.421307	0.007254	0.086062
42	044905:63898898	0	1	0.459969	0.013583	0.046967	0.018812
42	044905:63898898	1	2	0.540031	0.986417	0.046967	0.018812
43	044905:64794891	0	2	0.986974	0.513174	0.010521	0.078128
43	044905:64794891	1	1	0.013026	0.486826	0.010521	0.078128
44	044905:64798998	0	2	0.995091	0.683385	0.006882	0.083536
44	044905:64798998	1	1	0.004909	0.316615	0.006882	0.083536
45	044905:67846671	0	2	0.731117	0.479459	0.046275	0.142986
45	044905:67846671	1	1	0.268883	0.520541	0.046275	0.142986
46	044905:68113179	0	2	0.910892	0.417415	0.027833	0.088867
46	044905:68113179	1	1	0.089108	0.582585	0.027833	0.088867
47	044905:74667424	0	1	0.371207	0.825941	0.045576	0.061371
47	044905:74667424	1	2	0.628793	0.174059	0.045576	0.061371
48	044905:74667561	0	1	0.632240	0.013377	0.045753	0.018514
48	044905:74667561	1	2	0.367760	0.986623	0.045753	0.018514
49	044905:74667773	0	2	0.995350	0.698049	0.006536	0.073478
49	044905:74667773	1	1	0.004650	0.301951	0.006536	0.073478
50	044905:75942644	0	1	0.595329	0.012753	0.046595	0.017687
50	044905:75942644	1	2	0.404671	0.987247	0.046595	0.017687
51	044905:84732017	0	2	0.515466	0.978259	0.050270	0.029741
51	044905:84732017	1	1	0.484534	0.021741	0.050270	0.029741
52	044905:90314752	0	1	0.448280	0.014416	0.048163	0.019924
52	044905:90314752	1	2	0.551720	0.985584	0.048163	0.019924
53	044905:91669808	0	2	0.995290	0.717267	0.006605	0.080685
53	044905:91669808	1	1	0.004710	0.282733	0.006605	0.080685
54	044905:97704714	0	1	0.143133	0.615384	0.032468	0.078254
54	044905:97704714	1	2	0.856867	0.384616	0.032468	0.078254
55	044905:99483935	0	2	0.944634	0.512313	0.021459	0.078287
55	044905:99483935	1	1	0.055366	0.487687	0.021459	0.078287
56	044906:114791	0	2	0.677539	0.051139	0.045652	0.039970
56	044906:114791	1	1	0.322461	0.948861	0.045652	0.039970
57	044906:2811177	0	2	0.995614	0.737939	0.006163	0.068629
57	044906:2811177	1	1	0.004386	0.262061	0.006163	0.068629
58	044906:8637155	0	2	0.979959	0.517933	0.013554	0.104252
58	044906:8637155	1	1	0.020041	0.482067	0.013554	0.104252
59	044906:8637195	0	2	0.995536	0.695181	0.006275	0.105527
59	044906:8637195	1	1	0.004464	0.304819	0.006275	0.105527
60	044906:14219659	0	2	0.986594	0.612864	0.010817	0.075975
60	044906:14219659	1	1	0.013406	0.387136	0.010817	0.075975
61	044906:14222768	0	1	0.615188	0.040094	0.048571	0.031633
61	044906:14222768	1	2	0.384812	0.959906	0.048571	0.031633
62	044906:14222913	0	1	0.627462	0.038052	0.046831	0.030139
62	044906:14222913	1	2	0.372538	0.961948	0.046831	0.030139
63	044906:18140140	0	2	0.899847	0.561322	0.028094	0.077529
63	044906:18140140	1	1	0.100153	0.438678	0.028094	0.077529
64	044906:18196462	0	2	0.995458	0.585763	0.006387	0.186048
64	044906:18196462	1	1	0.004542	0.414237	0.006387	0.186048
65	044906:25016611	0	2	0.485218	0.985747	0.049302	0.019726
65	044906:25016611	1	1	0.514782	0.014253	0.049302	0.019726
66	044906:35773003	0	2	0.995690	0.907983	0.006067	0.046255
66	044906:35773003	1	1	0.004310	0.092017	0.006067	0.046255
67	044906:40983711	0	2	0.759053	0.012629	0.040580	0.017522
67	044906:40983711	1	1	0.240947	0.987371	0.040580	0.017522
68	044906:40985159	0	1	0.486851	0.037499	0.047044	0.029673
68	044906:40985159	1	2	0.513149	0.962501	0.047044	0.029673
69	044906:43537433	0	1	0.495523	0.038524	0.046630	0.030452
69	044906:43537433	1	2	0.504477	0.961476	0.046630	0.030452
70	044906:46057066	0	2	0.485427	0.981501	0.048840	0.025447
70	044906:46057066	1	1	0.514573	0.018499	0.048840	0.025447
71	044906:48969451	0	1	0.533818	0.012756	0.048736	0.017709
71	044906:48969451	1	2	0.466182	0.987244	0.048736	0.017709
72	044906:53667128	0	1	0.553533	0.085642	0.049162	0.050986
72	044906:53667128	1	2	0.446467	0.914358	0.049162	0.050986
73	044906:54507518	0	2	0.961079	0.683691	0.020294	0.083468
73	044906:54507518	1	1	0.038921	0.316309	0.020294	0.083468
74	044906:67523496	0	2	0.907900	0.537981	0.026962	0.077810
74	044906:67523496	1	1	0.092100	0.462019	0.026962	0.077810
75	044907:17585489	0	2	0.759546	0.074087	0.040686	0.044521
75	044907:17585489	1	1	0.240454	0.925913	0.040686	0.044521
76	044907:17585513	0	1	0.620584	0.063527	0.045683	0.038409
76	044907:17585513	1	2	0.379416	0.936473	0.045683	0.038409
77	044907:54281792	0	1	0.522645	0.012515	0.047057	0.017398
77	044907:54281792	1	2	0.477355	0.987485	0.047057	0.017398
78	044907:54284903	0	2	0.995191	0.819676	0.006753	0.063122
78	044907:54284903	1	1	0.004809	0.180324	0.006753	0.063122
79	044907:54292641	0	1	0.630584	0.017805	0.049022	0.024555
79	044907:54292641	1	2	0.369416	0.982195	0.049022	0.024555
80	044907:61549248	0	2	0.978421	0.762880	0.013444	0.066394
80	044907:61549248	1	1	0.021579	0.237120	0.013444	0.066394
81	044907:64778562	0	1	0.452733	0.012869	0.046112	0.017865
81	044907:64778562	1	2	0.547267	0.987131	0.046112	0.017865
82	044907:67035961	0	1	0.665464	0.013305	0.046996	0.018474
82	044907:67035961	1	2	0.334536	0.986695	0.046996	0.018474
83	044907:67040457	0	2	0.983342	0.642062	0.013397	0.083540
83	044907:67040457	1	1	0.016658	0.357938	0.013397	0.083540
84	044907:73944488	0	2	0.995689	0.812725	0.006040	0.060986
84	044907:73944488	1	1	0.004311	0.187275	0.006040	0.060986
85	044908:20644546	0	2	0.655578	0.120336	0.044766	0.052610
85	044908:20644546	1	1	0.344422	0.879664	0.044766	0.052610
86	044908:20646359	0	2	0.994851	0.733165	0.007211	0.082243
86	044908:20646359	1	1	0.005149	0.266835	0.007211	0.082243
87	044908:27586775	0	2	0.960508	0.812904	0.018185	0.077825
87	044908:27586775	1	1	0.039492	0.187096	0.018185	0.077825
88	044908:27587466	0	2	0.994561	0.862585	0.007629	0.053779
88	044908:27587466	1	1	0.005439	0.137415	0.007629	0.053779
89	044908:27592013	0	2	0.995611	0.887600	0.006167	0.049331
89	044908:27592013	1	1	0.004389	0.112400	0.006167	0.049331
90	044908:39257191	0	1	0.655839	0.042311	0.046013	0.033286
90	044908:39257191	1	2	0.344161	0.957689	0.046013	0.033286
91	044908:39260030	0	2	0.995547	0.014743	0.006268	0.020436
91	044908:39260030	1	1	0.004453	0.985257	0.006268	0.020436
92	044908:58341415	0	2	0.425915	0.958388	0.048720	0.032805
92	044908:58341415	1	1	0.574085	0.041612	0.048720	0.032805
93	044908:73083183	0	1	0.245839	0.902254	0.040493	0.057687
93	044908:73083183	1	2	0.754161	0.097746	0.040493	0.057687
94	044908:73083539	0	1	0.282785	0.902008	0.043139	0.057752
94	044908:73083539	1	2	0.717215	0.097992	0.043139	0.057752
95	044908:73086067	0	2	0.976436	0.821828	0.014685	0.098834
95	044908:73086067	1	1	0.023564	0.178172	0.014685	0.098834
96	044908:73087029	0	1	0.235119	0.941391	0.042221	0.045640
96	044908:73087029	1	2	0.764881	0.058609	0.042221	0.045640
97	044908:84377383	0	2	0.593712	0.987057	0.046216	0.017939
97	044908:84377383	1	1	0.406288	0.012943	0.046216	0.017939
98	044908:84379325	0	2	0.994442	0.625456	0.007778	0.089911
98	044908:84379325	1	1	0.005558	0.374544	0.007778	0.089911
99	044909:2918356	0	2	0.995349	0.779903	0.006559	0.069966
99	044909:2918356	1	1	0.004651	0.220097	0.006559	0.069966
100	044909:6983814	0	1	0.627978	0.017004	0.048602	0.023446
100	044909:6983814	1	2	0.372022	0.982996	0.048602	0.023446
101	044909:9014675	0	2	0.971252	0.013112	0.016016	0.018168
101	044909:9014675	1	1	0.028748	0.986888	0.016016	0.018168
102	044909:9028365	0	2	0.979389	0.667595	0.013864	0.075497
102	044909:9028365	1	1	0.020611	0.332405	0.013864	0.075497
103	044909:10878413	0	2	0.995435	0.698061	0.006408	0.073401
103	044909:10878413	1	1	0.004565	0.301939	0.006408	0.073401
104	044909:21793484	0	2	0.515237	0.982758	0.050238	0.023826
104	044909:21793484	1	1	0.484763	0.017242	0.050238	0.023826
105	044909:32421653	0	1	0.328500	0.983042	0.046284	0.023439
105	044909:32421653	1	2	0.671500	0.016958	0.046284	0.023439
106	044909:32421761	0	1	0.656848	0.014076	0.044753	0.019498
106	044909:32421761	1	2	0.343152	0.985924	0.044753	0.019498
107	044909:33950884	0	2	0.933034	0.662841	0.023506	0.073732
107	044909:33950884	1	1	0.066966	0.337159	0.023506	0.073732
108	044909:33987623	0	2	0.986636	0.117030	0.010832	0.057817
108	044909:33987623	1	1	0.013364	0.882970	0.010832	0.057817
109	044909:44257779	0	1	0.557043	0.012776	0.046249	0.017727
109	044909:44257779	1	2	0.442957	0.987224	0.046249	0.017727
110	044909:48418956	0	2	0.745849	0.049763	0.042562	0.065389
110	044909:48418956	1	1	0.254151	0.950237	0.042562	0.065389
111	044909:49165414	0	2	0.995679	0.837675	0.006079	0.057561
111	044909:49165414	1	1	0.004321	0.162325	0.006079	0.057561
112	044909:50577542	0	2	0.995676	0.737974	0.006090	0.068541
112	044909:50577542	1	1	0.004324	0.262026	0.006090	0.068541
113	044909:53008698	0	2	0.995529	0.750455	0.006267	0.069284
113	044909:53008698	1	1	0.004471	0.249545	0.006267	0.069284
114	044910:311841	0	2	0.675457	0.325235	0.044588	0.077759
114	044910:311841	1	1	0.324543	0.674765	0.044588	0.077759
115	044910:3995322	0	1	0.465967	0.015655	0.049215	0.021632
115	044910:3995322	1	2	0.534033	0.984345	0.049215	0.021632
116	044910:3998390	0	2	0.976449	0.638867	0.014632	0.075290
116	044910:3998390	1	1	0.023551	0.361133	0.014632	0.075290
117	044910:16725556	0	2	0.994791	0.750013	0.007331	0.099271
117	044910:16725556	1	1	0.005209	0.249987	0.007331	0.099271
118	044910:17417665	0	2	0.995447	0.837769	0.006382	0.057446
118	044910:17417665	1	1	0.004553	0.162231	0.006382	0.057446
119	044910:17835378	0	2	0.995466	0.791974	0.006365	0.066706
119	044910:17835378	1	1	0.004534	0.208026	0.006365	0.066706
120	044910:18791068	0	1	0.504538	0.012883	0.046982	0.017863
120	044910:18791068	1	2	0.495462	0.987117	0.046982	0.017863
121	044910:18793815	0	2	0.484503	0.985741	0.050234	0.019724
121	044910:18793815	1	1	0.515497	0.014259	0.050234	0.019724
122	044910:19694829	0	1	0.223134	0.985997	0.042306	0.019419
122	044910:19694829	1	2	0.776866	0.014003	0.042306	0.019419
123	044910:22813333	0	2	0.995669	0.338824	0.006092	0.079963
123	044910:22813333	1	1	0.004331	0.661176	0.006092	0.079963
124	044910:26391582	0	2	0.995600	0.674072	0.006168	0.090096
124	044910:26391582	1	1	0.004400	0.325928	0.006168	0.090096
125	044910:34145400	0	1	0.583565	0.013426	0.046045	0.018644
125	044910:34145400	1	2	0.416435	0.986574	0.046045	0.018644
126	044910:36442190	0	2	0.995544	0.625677	0.006266	0.079490
126	044910:36442190	1	1	0.004456	0.374323	0.006266	0.079490
127	044910:36802367	0	2	0.995597	0.688091	0.006178	0.072382
127	044910:36802367	1	1	0.004403	0.311909	0.006178	0.072382
128	044910:36804456	0	2	0.995287	0.662063	0.006618	0.079879
128	044910:36804456	1	1	0.004713	0.337937	0.006618	0.079879
129	044910:45251413	0	2	0.986646	0.487186	0.010816	0.079947
129	044910:45251413	1	1	0.013354	0.512814	0.010816	0.079947
130	044910:45251539	0	2	0.995003	0.180916	0.007024	0.063248
130	044910:45251539	1	1	0.004997	0.819084	0.007024	0.063248
131	044910:45929629	0	2	0.994881	0.910867	0.007176	0.052906
131	044910:45929629	1	1	0.005119	0.089133	0.007176	0.052906
132	044910:48573950	0	1	0.459180	0.017381	0.047312	0.023938
132	044910:48573950	1	2	0.540820	0.982619	0.047312	0.023938
133	044911:1534195	0	2	0.995695	0.779438	0.006043	0.070138
133	044911:1534195	1	1	0.004305	0.220562	0.006043	0.070138
134	044911:1535908	0	1	0.524164	0.112500	0.048777	0.049376
134	044911:1535908	1	2	0.475836	0.887500	0.048777	0.049376
135	044911:1540882	0	2	0.994666	0.750276	0.007488	0.073195
135	044911:1540882	1	1	0.005334	0.249724	0.007488	0.073195
136	044911:1541124	0	1	0.583645	0.013855	0.048570	0.019155
136	044911:1541124	1	2	0.416355	0.986145	0.048570	0.019155
137	044911:8077666	0	1	0.568577	0.013133	0.047014	0.018324
137	044911:8077666	1	2	0.431423	0.986867	0.047014	0.018324
138	044911:8080288	0	1	0.400882	0.012973	0.045358	0.018027
138	044911:8080288	1	2	0.599118	0.987027	0.045358	0.018027
139	044911:8082307	0	1	0.593581	0.013837	0.048462	0.019173
139	044911:8082307	1	2	0.406419	0.986163	0.048462	0.019173
140	044911:11847295	0	1	0.592303	0.013460	0.045821	0.018651
140	044911:11847295	1	2	0.407697	0.986540	0.045821	0.018651
141	044911:41702762	0	1	0.547581	0.012774	0.045997	0.017742
141	044911:41702762	1	2	0.452419	0.987226	0.045997	0.017742
142	044911:41703359	0	1	0.449208	0.012497	0.047637	0.017335
142	044911:41703359	1	2	0.550792	0.987503	0.047637	0.017335
143	044911:41703458	0	1	0.452736	0.012515	0.046106	0.017359
143	044911:41703458	1	2	0.547264	0.987485	0.046106	0.017359
144	044911:41704700	0	1	0.459258	0.012528	0.047342	0.017412
144	044911:41704700	1	2	0.540742	0.987472	0.047342	0.017412
145	044911:41706588	0	1	0.523347	0.015125	0.047923	0.020885
145	044911:41706588	1	2	0.476653	0.984875	0.047923	0.020885
146	044911:41711120	0	2	0.547966	0.934388	0.046505	0.039585
146	044911:41711120	1	1	0.452034	0.065612	0.046505	0.039585
147	044911:44197287	0	2	0.811319	0.019479	0.039313	0.026699
147	044911:44197287	1	1	0.188681	0.980521	0.039313	0.026699
148	044911:52214289	0	2	0.994891	0.791863	0.007167	0.066557
148	044911:52214289	1	1	0.005109	0.208137	0.007167	0.066557
149	044911:52531234	0	2	0.494929	0.847210	0.049322	0.059171
149	044911:52531234	1	1	0.505071	0.152790	0.049322	0.059171
150	044911:53131887	0	2	0.865550	0.378024	0.031606	0.080068
150	044911:53131887	1	1	0.134450	0.621976	0.031606	0.080068
151	044911:56303310	0	1	0.460372	0.040742	0.046511	0.032125
151	044911:56303310	1	2	0.539628	0.959258	0.046511	0.032125
152	044911:56690399	0	2	0.982543	0.768041	0.014070	0.078436
152	044911:56690399	1	1	0.017457	0.231959	0.014070	0.078436
153	044911:59461156	0	2	0.986365	0.663630	0.011018	0.073861
153	044911:59461156	1	1	0.013635	0.336370	0.011018	0.073861
154	044911:62584826	0	1	0.224046	0.861034	0.038950	0.054315
154	044911:62584826	1	2	0.775954	0.138966	0.038950	0.054315
155	044911:62598399	0	2	0.994898	0.150399	0.007152	0.064210
155	044911:62598399	1	1	0.005102	0.849601	0.007152	0.064210
156	044912:33727925	0	1	0.592345	0.013394	0.045815	0.018517
156	044912:33727925	1	2	0.407655	0.986606	0.045815	0.018517
157	044912:33728070	0	2	0.832674	0.039566	0.035537	0.031226
157	044912:33728070	1	1	0.167326	0.960434	0.035537	0.031226
158	044912:33733368	0	1	0.593397	0.013368	0.048503	0.018504
158	044912:33733368	1	2	0.406603	0.986632	0.048503	0.018504
159	044912:40138241	0	2	0.979961	0.759106	0.013392	0.066944
159	044912:40138241	1	1	0.020039	0.240894	0.013392	0.066944
160	044913:4541098	0	2	0.943062	0.640277	0.021575	0.075375
160	044913:4541098	1	1	0.056938	0.359723	0.021575	0.075375
161	044913:5649304	0	2	0.825428	0.042775	0.036690	0.056928
161	044913:5649304	1	1	0.174572	0.957225	0.036690	0.056928
162	044913:5649388	0	2	0.962743	0.632350	0.019422	0.135145
162	044913:5649388	1	1	0.037257	0.367650	0.019422	0.135145
163	044913:11893830	0	2	0.469606	0.986549	0.046210	0.018683
163	044913:11893830	1	1	0.530394	0.013451	0.046210	0.018683
164	044913:19931347	0	2	0.995526	0.750358	0.006302	0.069319
164	044913:19931347	1	1	0.004474	0.249642	0.006302	0.069319
165	044913:19933861	0	2	0.995687	0.712927	0.006059	0.070568
165	044913:19933861	1	1	0.004313	0.287073	0.006059	0.070568
166	044913:25471127	0	1	0.521726	0.012799	0.046250	0.017732
166	044913:25471127	1	2	0.478274	0.987201	0.046250	0.017732
167	044913:25472498	0	2	0.978492	0.687964	0.013391	0.072318
167	044913:25472498	1	1	0.021508	0.312036	0.013391	0.072318
168	044913:30837407	0	1	0.460466	0.017320	0.046506	0.023872
168	044913:30837407	1	2	0.539534	0.982680	0.046506	0.023872
169	044913:40425578	0	1	0.585235	0.078132	0.049071	0.046697
169	044913:40425578	1	2	0.414765	0.921868	0.049071	0.046697
170	044913:40875443	0	1	0.166141	0.609043	0.035152	0.076581
170	044913:40875443	1	2	0.833859	0.390957	0.035152	0.076581
171	044913:42356341	0	1	0.354920	0.984101	0.044694	0.021956
171	044913:42356341	1	2	0.645080	0.015899	0.044694	0.021956
172	044913:44297251	0	2	0.985888	0.610457	0.011377	0.084928
172	044913:44297251	1	1	0.014112	0.389543	0.011377	0.084928
173	044914:789455	0	2	0.977098	0.784369	0.015197	0.064519
173	044914:789455	1	1	0.022902	0.215631	0.015197	0.064519
174	044914:789564	0	2	0.971080	0.784826	0.015791	0.064455
174	044914:789564	1	1	0.028920	0.215174	0.015791	0.064455
175	044914:790401	0	2	0.973024	0.794078	0.017737	0.065919
175	044914:790401	1	1	0.026976	0.205922	0.017737	0.065919
176	044914:29179392	0	1	0.533190	0.013160	0.048223	0.018250
176	044914:29179392	1	2	0.466810	0.986840	0.048223	0.018250
177	044914:34830144	0	2	0.995082	0.662708	0.006901	0.073782
177	044914:34830144	1	1	0.004918	0.337292	0.006901	0.073782
178	044914:34833677	0	2	0.995089	0.819769	0.006890	0.063077
178	044914:34833677	1	1	0.004911	0.180231	0.006890	0.063077
179	044914:42057175	0	2	0.994446	0.732553	0.007775	0.082075
179	044914:42057175	1	1	0.005554	0.267447	0.007775	0.082075
180	044914:49161064	0	2	0.583184	0.985304	0.048607	0.020367
180	044914:49161064	1	1	0.416816	0.014696	0.048607	0.020367
181	044914:52290487	0	1	0.495142	0.015607	0.050264	0.021585
181	044914:52290487	1	2	0.504858	0.984393	0.050264	0.021585
182	044915:2284695	0	2	0.995093	0.703693	0.006896	0.079503
182	044915:2284695	1	1	0.004907	0.296307	0.006896	0.079503
183	044915:4140983	0	1	0.541092	0.013406	0.047412	0.018607
183	044915:4140983	1	2	0.458908	0.986594	0.047412	0.018607
184	044915:7702513	0	1	0.567206	0.165797	0.047141	0.058639
184	044915:7702513	1	2	0.432794	0.834203	0.047141	0.058639
185	044915:11359762	0	2	0.521299	0.986452	0.046199	0.018798
185	044915:11359762	1	1	0.478701	0.013548	0.046199	0.018798
186	044915:11362084	0	2	0.505529	0.986477	0.053722	0.018760
186	044915:11362084	1	1	0.494471	0.013523	0.053722	0.018760
187	044915:16008920	0	2	0.994898	0.037548	0.007164	0.029724
187	044915:16008920	1	1	0.005102	0.962452	0.007164	0.029724
188	044915:19785856	0	2	0.986842	0.065916	0.010616	0.039766
188	044915:19785856	1	1	0.013158	0.934084	0.010616	0.039766
189	044915:24912537	0	2	0.947058	0.568955	0.021911	0.103083
189	044915:24912537	1	1	0.052942	0.431045	0.021911	0.103083
190	044915:27868907	0	2	0.986612	0.724088	0.010803	0.071457
190	044915:27868907	1	1	0.013388	0.275912	0.010803	0.071457
191	044915:27871019	0	2	0.995611	0.737869	0.006164	0.068650
191	044915:27871019	1	1	0.004389	0.262131	0.006164	0.068650
192	044915:28384798	0	2	0.995447	0.750907	0.006384	0.111569
192	044915:28384798	1	1	0.004553	0.249093	0.006384	0.111569
193	044915:28387981	0	1	0.564168	0.017090	0.049009	0.023594
193	044915:28387981	1	2	0.435832	0.982910	0.049009	0.023594
194	044915:28388989	0	1	0.627795	0.014112	0.045170	0.019532
194	044915:28388989	1	2	0.372205	0.985888	0.045170	0.019532
195	044915:28396647	0	1	0.615385	0.012709	0.048495	0.017606
195	044915:28396647	1	2	0.384615	0.987291	0.048495	0.017606
196	044915:31309515	0	2	0.975735	0.487963	0.015089	0.080128
196	044915:31309515	1	1	0.024265	0.512037	0.015089	0.080128
197	044915:36108914	0	1	0.362782	0.982116	0.046501	0.024611
197	044915:36108914	1	2	0.637218	0.017884	0.046501	0.024611
198	044915:40182660	0	2	0.785717	0.023030	0.040915	0.031395
198	044915:40182660	1	1	0.214283	0.976970	0.040915	0.031395
199	044915:41231407	0	1	0.653315	0.038138	0.044379	0.030171
199	044915:41231407	1	2	0.346685	0.961862	0.044379	0.030171
