UponCompletionOf_600000_sweeps
LocNumber LocName AlleleNumber AlleleName FreqInPop0 FreqInPop1 SDInPop0 SDinPop1
0	044904:2131908	0	2	0.988382	0.411493	0.016177	0.046122
0	044904:2131908	1	1	0.011618	0.588507	0.016177	0.046122
1	044904:2135206	0	2	0.011649	0.984849	0.016148	0.012216
1	044904:2135206	1	1	0.988351	0.015151	0.016148	0.012216
2	044904:5295847	0	2	0.732623	0.995493	0.066687	0.006343
2	044904:5295847	1	1	0.267377	0.004507	0.066687	0.006343
3	044904:7498606	0	2	0.616438	0.995570	0.073263	0.006222
3	044904:7498606	1	1	0.383562	0.004430	0.073263	0.006222
4	044904:7508548	0	2	0.616410	0.995411	0.073272	0.006454
4	044904:7508548	1	1	0.383590	0.004589	0.073272	0.006454
5	044904:10066110	0	1	0.034865	0.500038	0.027634	0.046419
5	044904:10066110	1	2	0.965135	0.499962	0.027634	0.046419
6	044904:21967967	0	1	0.011609	0.647765	0.016145	0.044321
6	044904:21967967	1	2	0.988391	0.352235	0.016145	0.044321
7	044904:21968458	0	1	0.012155	0.644286	0.016876	0.048278
7	044904:21968458	1	2	0.987845	0.355714	0.016876	0.048278
8	044904:21975085	0	2	0.987856	0.545975	0.016899	0.047473
8	044904:21975085	1	1	0.012144	0.454025	0.016899	0.047473
9	044904:22263024	0	2	0.848741	0.482260	0.053988	0.046904
9	044904:22263024	1	1	0.151259	0.517740	0.053988	0.046904
10	044904:23612494	0	1	0.802414	0.308573	0.059968	0.042875
10	044904:23612494	1	2	0.197586	0.691427	0.059968	0.042875
11	044904:25891529	0	2	0.646408	0.994959	0.073852	0.007071
11	044904:25891529	1	1	0.353592	0.005041	0.073852	0.007071
12	044904:25896445	0	1	0.011651	0.464010	0.016163	0.047088
12	044904:25896445	1	2	0.988349	0.535990	0.016163	0.047088
13	044904:26239364	0	1	0.817240	0.004427	0.059548	0.006218
13	044904:26239364	1	2	0.182760	0.995573	0.059548	0.006218
14	044904:34907781	0	2	0.256907	0.788603	0.070875	0.041296
14	044904:34907781	1	1	0.743093	0.211397	0.070875	0.041296
15	044904:35175744	0	2	0.058193	0.995331	0.035308	0.006562
15	044904:35175744	1	1	0.941807	0.004669	0.035308	0.006562
16	044904:39613496	0	2	0.646136	0.995326	0.073829	0.006562
16	044904:39613496	1	1	0.353864	0.004674	0.073829	0.006562
17	044904:40139265	0	2	0.963425	0.547561	0.029001	0.048390
17	044904:40139265	1	1	0.036575	0.452439	0.029001	0.048390
18	044904:40141054	0	2	0.988363	0.543597	0.016182	0.046207
18	044904:40141054	1	1	0.011637	0.456403	0.016182	0.046207
19	044905:5459844	0	2	0.755840	0.995412	0.064765	0.006446
19	044905:5459844	1	1	0.244160	0.004588	0.064765	0.006446
20	044905:7691954	0	2	0.986470	0.456964	0.018767	0.051378
20	044905:7691954	1	1	0.013530	0.543036	0.018767	0.051378
21	044905:10553016	0	2	0.242741	0.994949	0.071437	0.007090
21	044905:10553016	1	1	0.757259	0.005051	0.071437	0.007090
22	044905:10553218	0	2	0.426800	0.995506	0.076316	0.006323
22	044905:10553218	1	1	0.573200	0.004494	0.076316	0.006323
23	044905:10555660	0	2	0.988350	0.680847	0.016197	0.050860
23	044905:10555660	1	1	0.011650	0.319153	0.016197	0.050860
24	044905:11977143	0	2	0.768391	0.995505	0.065083	0.006321
24	044905:11977143	1	1	0.231609	0.004495	0.065083	0.006321
25	044905:14290799	0	1	0.011664	0.517689	0.016168	0.046791
25	044905:14290799	1	2	0.988336	0.482311	0.016168	0.046791
26	044905:14352079	0	1	0.337161	0.005255	0.071326	0.007378
26	044905:14352079	1	2	0.662839	0.994745	0.071326	0.007378
27	044905:15338536	0	1	0.011652	0.456564	0.016226	0.046255
27	044905:15338536	1	2	0.988348	0.543436	0.016226	0.046255
28	044905:16447018	0	1	0.011578	0.473002	0.016124	0.047221
28	044905:16447018	1	2	0.988422	0.526998	0.016124	0.047221
29	044905:16457877	0	2	0.825609	0.995514	0.057138	0.006301
29	044905:16457877	1	1	0.174391	0.004486	0.057138	0.006301
30	044905:16542742	0	2	0.012222	0.747706	0.016960	0.042199
30	044905:16542742	1	1	0.987778	0.252294	0.016960	0.042199
31	044905:18904762	0	2	0.817254	0.994956	0.059628	0.007071
31	044905:18904762	1	1	0.182746	0.005044	0.059628	0.007071
32	044905:21262944	0	2	0.684969	0.966032	0.087840	0.017798
32	044905:21262944	1	1	0.315031	0.033968	0.087840	0.017798
33	044905:21263026	0	1	0.981467	0.173368	0.025497	0.037493
33	044905:21263026	1	2	0.018533	0.826632	0.025497	0.037493
34	044905:26124582	0	2	0.695075	0.995513	0.071120	0.006300
34	044905:26124582	1	1	0.304925	0.004487	0.071120	0.006300
35	044905:27371173	0	1	0.011642	0.465242	0.016160	0.046276
35	044905:27371173	1	2	0.988358	0.534758	0.016160	0.046276
36	044905:27371211	0	2	0.802264	0.995647	0.059938	0.006113
36	044905:27371211	1	1	0.197736	0.004353	0.059938	0.006113
37	044905:42450936	0	2	0.011606	0.994503	0.016117	0.007725
37	044905:42450936	1	1	0.988394	0.005497	0.016117	0.007725
38	044905:51545070	0	1	0.012838	0.489630	0.017813	0.050497
38	044905:51545070	1	2	0.987162	0.510370	0.017813	0.050497
39	044905:57969608	0	2	0.732546	0.995326	0.066690	0.006574
39	044905:57969608	1	1	0.267454	0.004674	0.066690	0.006574
40	044905:61526936	0	1	0.785826	0.135531	0.145210	0.032980
40	044905:61526936	1	2	0.214174	0.864469	0.145210	0.032980
41	044905:62249440	0	1	0.985727	0.285107	0.019753	0.043473
41	044905:62249440	1	2	0.014273	0.714893	0.019753	0.043473
42	044905:63899461	0	2	0.616224	0.995494	0.073209	0.006310
42	044905:63899461	1	1	0.383776	0.004506	0.073209	0.006310
43	044905:64789942	0	2	0.499989	0.995136	0.079006	0.006846
43	044905:64789942	1	1	0.500011	0.004864	0.079006	0.006846
44	044905:72701030	0	2	0.448584	0.982768	0.078523	0.013850
44	044905:72701030	1	1	0.551416	0.017232	0.078523	0.013850
45	044905:78597739	0	2	0.499960	0.917738	0.106505	0.030739
45	044905:78597739	1	1	0.500040	0.082262	0.106505	0.030739
46	044905:82241012	0	2	0.500116	0.995582	0.091398	0.006216
46	044905:82241012	1	1	0.499884	0.004418	0.091398	0.006216
47	044905:94407748	0	2	0.825689	0.995650	0.057187	0.006111
47	044905:94407748	1	1	0.174311	0.004350	0.057187	0.006111
48	044905:94410805	0	2	0.174433	0.995574	0.057154	0.006209
48	044905:94410805	1	1	0.825567	0.004426	0.057154	0.006209
49	044905:99487050	0	2	0.422933	0.995327	0.078185	0.006543
49	044905:99487050	1	1	0.577067	0.004673	0.078185	0.006543
50	044906:114818	0	2	0.743903	0.985443	0.067345	0.011731
50	044906:114818	1	1	0.256097	0.014557	0.067345	0.011731
51	044906:115267	0	2	0.127966	0.969015	0.050345	0.016241
51	044906:115267	1	1	0.872034	0.030985	0.050345	0.016241
52	044906:9319916	0	1	0.822592	0.355748	0.067570	0.048390
52	044906:9319916	1	2	0.177408	0.644252	0.067570	0.048390
53	044906:13767449	0	1	0.048371	0.600771	0.037909	0.046675
53	044906:13767449	1	2	0.951629	0.399229	0.037909	0.046675
54	044906:13771612	0	2	0.595496	0.960845	0.104665	0.018003
54	044906:13771612	1	1	0.404504	0.039155	0.104665	0.018003
55	044906:18134274	0	1	0.011619	0.562087	0.016181	0.046485
55	044906:18134274	1	2	0.988381	0.437913	0.016181	0.046485
56	044906:21373078	0	1	0.085345	0.552686	0.043121	0.050766
56	044906:21373078	1	2	0.914655	0.447314	0.043121	0.050766
57	044906:25016611	0	2	0.963403	0.490092	0.029003	0.049521
57	044906:25016611	1	1	0.036597	0.509908	0.029003	0.049521
58	044906:25019512	0	1	0.036521	0.538999	0.029000	0.048877
58	044906:25019512	1	2	0.963479	0.461001	0.029000	0.048877
59	044906:29096949	0	2	0.662807	0.995319	0.071292	0.006580
59	044906:29096949	1	1	0.337193	0.004681	0.071292	0.006580
60	044906:35770589	0	1	0.011638	0.518216	0.016199	0.047687
60	044906:35770589	1	2	0.988362	0.481784	0.016199	0.047687
61	044906:43530430	0	1	0.966802	0.142244	0.044691	0.033276
61	044906:43530430	1	2	0.033198	0.857756	0.044691	0.033276
62	044906:48968029	0	2	0.988359	0.437007	0.016146	0.046853
62	044906:48968029	1	1	0.011641	0.562993	0.016146	0.046853
63	044906:48969463	0	2	0.590691	0.995420	0.141964	0.006446
63	044906:48969463	1	1	0.409309	0.004580	0.141964	0.006446
64	044906:48969520	0	1	0.954654	0.265610	0.060035	0.041719
64	044906:48969520	1	2	0.045346	0.734390	0.060035	0.041719
65	044906:53677221	0	1	0.012173	0.467661	0.016908	0.051500
65	044906:53677221	1	2	0.987827	0.532339	0.016908	0.051500
66	044907:40760944	0	2	0.976135	0.403678	0.032534	0.053456
66	044907:40760944	1	1	0.023865	0.596322	0.032534	0.053456
67	044907:47995154	0	2	0.475788	0.821101	0.077068	0.036556
67	044907:47995154	1	1	0.524212	0.178899	0.077068	0.036556
68	044907:52180403	0	2	0.935934	0.500051	0.038751	0.049452
68	044907:52180403	1	1	0.064066	0.499949	0.038751	0.049452
69	044907:67034682	0	2	0.378019	0.984211	0.074812	0.012729
69	044907:67034682	1	1	0.621981	0.015789	0.074812	0.012729
70	044907:69056870	0	2	0.685986	0.995418	0.070076	0.006449
70	044907:69056870	1	1	0.314014	0.004582	0.070076	0.006449
71	044908:3766584	0	2	0.941814	0.500099	0.035317	0.046365
71	044908:3766584	1	1	0.058186	0.499901	0.035317	0.046365
72	044908:21574685	0	2	0.670667	0.956303	0.072532	0.020048
72	044908:21574685	1	1	0.329333	0.043697	0.072532	0.020048
73	044908:21576003	0	2	0.616329	0.994735	0.073230	0.007386
73	044908:21576003	1	1	0.383671	0.005265	0.073230	0.007386
74	044908:27591972	0	2	0.719605	0.995656	0.069374	0.006105
74	044908:27591972	1	1	0.280395	0.004344	0.069374	0.006105
75	044908:29819751	0	2	0.965119	0.472457	0.027670	0.047646
75	044908:29819751	1	1	0.034881	0.527543	0.027670	0.047646
76	044908:29820275	0	2	0.756355	0.995142	0.067905	0.006818
76	044908:29820275	1	1	0.243645	0.004858	0.067905	0.006818
77	044908:32250219	0	2	0.965131	0.446809	0.027650	0.046476
77	044908:32250219	1	1	0.034869	0.553191	0.027650	0.046476
78	044908:40203243	0	2	0.011595	0.994743	0.016151	0.007386
78	044908:40203243	1	1	0.988405	0.005257	0.016151	0.007386
79	044908:59399482	0	2	0.779009	0.995565	0.062507	0.006227
79	044908:59399482	1	1	0.220991	0.004435	0.062507	0.006227
80	044908:63992290	0	2	0.709321	0.995488	0.068463	0.006313
80	044908:63992290	1	1	0.290679	0.004512	0.068463	0.006313
81	044908:67506608	0	2	0.779071	0.995062	0.062708	0.006936
81	044908:67506608	1	1	0.220929	0.004938	0.062708	0.006936
82	044908:73085430	0	1	0.965143	0.278757	0.027658	0.042008
82	044908:73085430	1	2	0.034857	0.721243	0.027658	0.042008
83	044908:73086046	0	1	0.034919	0.435836	0.027662	0.047318
83	044908:73086046	1	2	0.965081	0.564164	0.027662	0.047318
84	044908:73087138	0	1	0.011602	0.420404	0.016147	0.046217
84	044908:73087138	1	2	0.988398	0.579596	0.016147	0.046217
85	044908:84373490	0	2	0.757080	0.519423	0.071534	0.048884
85	044908:84373490	1	1	0.242920	0.480577	0.071534	0.048884
86	044908:84379936	0	2	0.988354	0.563108	0.016201	0.046878
86	044908:84379936	1	1	0.011646	0.436892	0.016201	0.046878
87	044909:2631109	0	1	0.012220	0.540318	0.016938	0.049792
87	044909:2631109	1	2	0.987780	0.459682	0.016938	0.049792
88	044909:2675726	0	1	0.012227	0.623887	0.016974	0.047009
88	044909:2675726	1	2	0.987773	0.376113	0.016974	0.047009
89	044909:3009845	0	1	0.011629	0.371634	0.016137	0.046126
89	044909:3009845	1	2	0.988371	0.628366	0.016137	0.046126
90	044909:3210098	0	1	0.011624	0.464590	0.016164	0.046700
90	044909:3210098	1	2	0.988376	0.535410	0.016164	0.046700
91	044909:6067112	0	2	0.569681	0.985710	0.074705	0.011535
91	044909:6067112	1	1	0.430319	0.014290	0.074705	0.011535
92	044909:9631332	0	2	0.730773	0.995069	0.070094	0.006930
92	044909:9631332	1	1	0.269227	0.004931	0.070094	0.006930
93	044909:11804615	0	1	0.012820	0.478583	0.017813	0.051596
93	044909:11804615	1	2	0.987180	0.521417	0.017813	0.051596
94	044909:14380819	0	2	0.500027	0.830440	0.075422	0.034862
94	044909:14380819	1	1	0.499973	0.169560	0.075422	0.034862
95	044909:21792637	0	1	0.011616	0.455705	0.016129	0.046603
95	044909:21792637	1	2	0.988384	0.544295	0.016129	0.046603
96	044909:32401797	0	2	0.709317	0.995231	0.068422	0.006674
96	044909:32401797	1	1	0.290683	0.004769	0.068422	0.006674
97	044909:32416574	0	2	0.304951	0.995241	0.071008	0.006697
97	044909:32416574	1	1	0.695049	0.004759	0.071008	0.006697
98	044909:32422169	0	1	0.686067	0.163669	0.070006	0.035551
98	044909:32422169	1	2	0.313933	0.836331	0.070006	0.035551
99	044909:32907554	0	1	0.011640	0.387001	0.016209	0.045226
99	044909:32907554	1	2	0.988360	0.612999	0.016209	0.045226
100	044909:39053021	0	2	0.551247	0.995507	0.078574	0.006307
100	044909:39053021	1	1	0.448753	0.004493	0.078574	0.006307
101	044909:44257779	0	1	0.011628	0.553016	0.016169	0.046587
101	044909:44257779	1	2	0.988372	0.446984	0.016169	0.046587
102	044909:48419107	0	2	0.021732	0.687013	0.029817	0.044668
102	044909:48419107	1	1	0.978268	0.312987	0.029817	0.044668
103	044909:52088498	0	1	0.011653	0.572038	0.016181	0.046741
103	044909:52088498	1	2	0.988347	0.427962	0.016181	0.046741
104	044910:3737829	0	2	0.662748	0.995561	0.071275	0.006234
104	044910:3737829	1	1	0.337252	0.004439	0.071275	0.006234
105	044910:15785933	0	1	0.085312	0.536711	0.043095	0.047594
105	044910:15785933	1	2	0.914688	0.463289	0.043095	0.047594
106	044910:16722558	0	1	0.011630	0.630795	0.016194	0.046433
106	044910:16722558	1	2	0.988370	0.369205	0.016194	0.046433
107	044910:17835051	0	1	0.011614	0.421752	0.016108	0.045875
107	044910:17835051	1	2	0.988386	0.578248	0.016108	0.045875
108	044910:18794305	0	2	0.366476	0.995025	0.120272	0.006988
108	044910:18794305	1	1	0.633524	0.004975	0.120272	0.006988
109	044910:22811341	0	2	0.012190	0.995332	0.016926	0.006548
109	044910:22811341	1	1	0.987810	0.004668	0.016926	0.006548
110	044910:26394851	0	1	0.012833	0.509774	0.017797	0.049042
110	044910:26394851	1	2	0.987167	0.490226	0.017797	0.049042
111	044910:26736266	0	2	0.732414	0.995484	0.066755	0.006333
111	044910:26736266	1	1	0.267586	0.004516	0.066755	0.006333
112	044910:30358799	0	2	0.709219	0.995227	0.068505	0.006696
112	044910:30358799	1	1	0.290781	0.004773	0.068505	0.006696
113	044910:30509343	0	2	0.768257	0.995494	0.065140	0.006320
113	044910:30509343	1	1	0.231743	0.004506	0.065140	0.006320
114	044910:32736299	0	2	0.012841	0.985167	0.017793	0.011954
114	044910:32736299	1	1	0.987159	0.014833	0.017793	0.011954
115	044910:48679947	0	2	0.732579	0.995583	0.066670	0.006203
115	044910:48679947	1	1	0.267421	0.004417	0.066670	0.006203
116	044911:1527380	0	1	0.064064	0.527064	0.038705	0.047185
116	044911:1527380	1	2	0.935936	0.472936	0.038705	0.047185
117	044911:7993126	0	2	0.807581	0.995483	0.062377	0.006345
117	044911:7993126	1	1	0.192419	0.004517	0.062377	0.006345
118	044911:7993367	0	2	0.842849	0.995329	0.060623	0.006575
118	044911:7993367	1	1	0.157151	0.004671	0.060623	0.006575
119	044911:11839277	0	1	0.011602	0.647922	0.016119	0.044313
119	044911:11839277	1	2	0.988398	0.352078	0.016119	0.044313
120	044911:41706588	0	1	0.012212	0.518738	0.016914	0.048031
120	044911:41706588	1	2	0.987788	0.481262	0.016914	0.048031
121	044911:41709445	0	1	0.034935	0.547565	0.027723	0.048315
121	044911:41709445	1	2	0.965065	0.452435	0.027723	0.048315
122	044911:41841913	0	2	0.770200	0.995038	0.068238	0.006946
122	044911:41841913	1	1	0.229800	0.004962	0.068238	0.006946
123	044911:52647642	0	2	0.987208	0.560631	0.017740	0.049669
123	044911:52647642	1	1	0.012792	0.439369	0.017740	0.049669
124	044911:53157396	0	1	0.192228	0.004509	0.062346	0.006327
124	044911:53157396	1	2	0.807772	0.995491	0.062346	0.006327
125	044911:57671995	0	1	0.848840	0.337829	0.054070	0.044685
125	044911:57671995	1	2	0.151160	0.662171	0.054070	0.044685
126	044912:9349239	0	1	0.012203	0.382454	0.016946	0.052413
126	044912:9349239	1	2	0.987797	0.617546	0.016946	0.052413
127	044912:13155854	0	1	0.036485	0.632686	0.028977	0.045138
127	044912:13155854	1	2	0.963515	0.367314	0.028977	0.045138
128	044912:13155869	0	1	0.011619	0.606096	0.016149	0.045751
128	044912:13155869	1	2	0.988381	0.393904	0.016149	0.045751
129	044912:13406699	0	1	0.011648	0.472430	0.016175	0.047630
129	044912:13406699	1	2	0.988352	0.527570	0.016175	0.047630
130	044912:13533157	0	1	0.016145	0.651990	0.022307	0.053331
130	044912:13533157	1	2	0.983855	0.348010	0.022307	0.053331
131	044912:14598426	0	1	0.012218	0.500026	0.016960	0.048068
131	044912:14598426	1	2	0.987782	0.499974	0.016960	0.048068
132	044912:19060188	0	1	0.036574	0.633357	0.028956	0.046803
132	044912:19060188	1	2	0.963426	0.366643	0.028956	0.046803
133	044912:31581457	0	1	0.197037	0.564510	0.068244	0.051104
133	044912:31581457	1	2	0.802963	0.435490	0.068244	0.051104
134	044912:32377713	0	2	0.040586	0.668071	0.032055	0.044055
134	044912:32377713	1	1	0.959414	0.331929	0.032055	0.044055
135	044912:32558501	0	2	0.179849	0.707895	0.075278	0.045020
135	044912:32558501	1	1	0.820151	0.292105	0.075278	0.045020
136	044912:33294054	0	1	0.944585	0.282627	0.072375	0.053737
136	044912:33294054	1	2	0.055415	0.717373	0.072375	0.053737
137	044912:37769685	0	2	0.476698	0.977894	0.075268	0.013765
137	044912:37769685	1	1	0.523302	0.022106	0.075268	0.013765
138	044912:43965510	0	1	0.011646	0.380823	0.016198	0.046288
138	044912:43965510	1	2	0.988354	0.619177	0.016198	0.046288
139	044913:5628686	0	2	0.371920	0.960911	0.076596	0.017975
139	044913:5628686	1	1	0.628080	0.039089	0.076596	0.017975
140	044913:5631108	0	2	0.988372	0.417356	0.016111	0.047005
140	044913:5631108	1	1	0.011628	0.582644	0.016111	0.047005
141	044913:5636216	0	2	0.963393	0.354415	0.028957	0.046865
141	044913:5636216	1	1	0.036607	0.645585	0.028957	0.046865
142	044913:19934185	0	2	0.732529	0.995400	0.066780	0.006468
142	044913:19934185	1	1	0.267471	0.004600	0.066780	0.006468
143	044913:21378680	0	2	0.987185	0.472490	0.017778	0.047691
143	044913:21378680	1	1	0.012815	0.527510	0.017778	0.047691
144	044913:23778198	0	1	0.983893	0.269846	0.022234	0.041590
144	044913:23778198	1	2	0.016107	0.730154	0.022234	0.041590
145	044913:25466358	0	1	0.012179	0.451476	0.016867	0.048802
145	044913:25466358	1	2	0.987821	0.548524	0.016867	0.048802
146	044913:25467455	0	2	0.709269	0.995486	0.068458	0.006355
146	044913:25467455	1	1	0.290731	0.004514	0.068458	0.006355
147	044913:25467542	0	1	0.011607	0.420369	0.016154	0.046263
147	044913:25467542	1	2	0.988393	0.579631	0.016154	0.046263
148	044913:25467869	0	2	0.737937	0.995418	0.093610	0.006414
148	044913:25467869	1	1	0.262063	0.004582	0.093610	0.006414
149	044913:25472297	0	1	0.011591	0.380672	0.016122	0.046248
149	044913:25472297	1	2	0.988409	0.619328	0.016122	0.046248
150	044913:25525628	0	2	0.034885	0.995568	0.027709	0.006216
150	044913:25525628	1	1	0.965115	0.004432	0.027709	0.006216
151	044913:25526131	0	2	0.639400	0.995408	0.072323	0.006445
151	044913:25526131	1	1	0.360600	0.004592	0.072323	0.006445
152	044913:31005599	0	2	0.670558	0.994945	0.072515	0.007096
152	044913:31005599	1	1	0.329442	0.005055	0.072515	0.007096
153	044913:40172738	0	2	0.825640	0.995147	0.057201	0.006818
153	044913:40172738	1	1	0.174360	0.004853	0.057201	0.006818
154	044913:40879078	0	2	0.499906	0.995594	0.077109	0.006194
154	044913:40879078	1	1	0.500094	0.004406	0.077109	0.006194
155	044913:40883664	0	2	0.569697	0.994960	0.074623	0.007076
155	044913:40883664	1	1	0.430303	0.005040	0.074623	0.007076
156	044913:50914871	0	2	0.662779	0.986961	0.071270	0.010538
156	044913:50914871	1	1	0.337221	0.013039	0.071270	0.010538
157	044914:790561	0	2	0.756387	0.994128	0.067972	0.008232
157	044914:790561	1	1	0.243613	0.005872	0.067972	0.008232
158	044914:5707911	0	2	0.287919	0.815296	0.077625	0.036662
158	044914:5707911	1	1	0.712081	0.184704	0.077625	0.036662
159	044914:5708032	0	2	0.177356	0.818687	0.067523	0.036045
159	044914:5708032	1	1	0.822644	0.181313	0.067523	0.036045
160	044914:6313643	0	2	0.884687	0.995321	0.050485	0.006567
160	044914:6313643	1	1	0.115313	0.004679	0.050485	0.006567
161	044914:25869956	0	1	0.034902	0.569267	0.027703	0.049030
161	044914:25869956	1	2	0.965098	0.430733	0.027703	0.049030
162	044914:26769335	0	2	0.685940	0.995423	0.069941	0.006429
162	044914:26769335	1	1	0.314060	0.004577	0.069941	0.006429
163	044914:34829423	0	2	0.089705	0.995031	0.045218	0.006973
163	044914:34829423	1	1	0.910295	0.004969	0.045218	0.006973
164	044914:42056841	0	2	0.807854	0.994744	0.062264	0.007380
164	044914:42056841	1	1	0.192146	0.005256	0.062264	0.007380
165	044914:42257028	0	2	0.569829	0.972523	0.074663	0.017013
165	044914:42257028	1	1	0.430171	0.027477	0.074663	0.017013
166	044914:42920446	0	1	0.848770	0.303723	0.053997	0.044274
166	044914:42920446	1	2	0.151230	0.696277	0.053997	0.044274
167	044914:53448573	0	2	0.670766	0.967251	0.072633	0.017170
167	044914:53448573	1	1	0.329234	0.032749	0.072633	0.017170
168	044914:54805750	0	2	0.552762	0.969576	0.111235	0.015941
168	044914:54805750	1	1	0.447238	0.030424	0.111235	0.015941
169	044914:57131355	0	2	0.197707	0.923437	0.060036	0.025089
169	044914:57131355	1	1	0.802293	0.076563	0.060036	0.025089
170	044915:4422672	0	2	0.755771	0.995567	0.064765	0.006242
170	044915:4422672	1	1	0.244229	0.004433	0.064765	0.006242
171	044915:7703874	0	2	0.012218	0.994113	0.016958	0.008266
171	044915:7703874	1	1	0.987782	0.005887	0.016958	0.008266
172	044915:11357907	0	2	0.768196	0.994722	0.065149	0.007392
172	044915:11357907	1	1	0.231804	0.005278	0.065149	0.007392
173	044915:12087690	0	2	0.778988	0.995490	0.062552	0.006334
173	044915:12087690	1	1	0.221012	0.004510	0.062552	0.006334
174	044915:12090534	0	1	0.011620	0.545136	0.016182	0.047109
174	044915:12090534	1	2	0.988380	0.454864	0.016182	0.047109
175	044915:12091452	0	2	0.779006	0.995643	0.062505	0.006117
175	044915:12091452	1	1	0.220994	0.004357	0.062505	0.006117
176	044915:12091586	0	2	0.608262	0.986731	0.079212	0.010725
176	044915:12091586	1	1	0.391738	0.013269	0.079212	0.010725
177	044915:14160056	0	1	0.825707	0.283626	0.057251	0.042595
177	044915:14160056	1	2	0.174293	0.716374	0.057251	0.042595
178	044915:14160241	0	2	0.987811	0.480203	0.016939	0.049465
178	044915:14160241	1	1	0.012189	0.519797	0.016939	0.049465
179	044915:19776276	0	1	0.012222	0.453244	0.016946	0.047969
179	044915:19776276	1	2	0.987778	0.546756	0.016946	0.047969
180	044915:23116396	0	2	0.012152	0.804793	0.016950	0.038475
180	044915:23116396	1	1	0.987848	0.195207	0.016950	0.038475
181	044915:27869537	0	2	0.987867	0.399059	0.016861	0.046698
181	044915:27869537	1	1	0.012133	0.600941	0.016861	0.046698
182	044915:27871225	0	2	0.987211	0.420846	0.017764	0.048848
182	044915:27871225	1	1	0.012789	0.579154	0.017764	0.048848
183	044915:27871714	0	2	0.988364	0.395603	0.016157	0.045405
183	044915:27871714	1	1	0.011636	0.604397	0.016157	0.045405
184	044915:27872898	0	2	0.963357	0.431906	0.029014	0.048584
184	044915:27872898	1	1	0.036643	0.568094	0.029014	0.048584
185	044915:27874407	0	2	0.965165	0.435830	0.027592	0.047271
185	044915:27874407	1	1	0.034835	0.564170	0.027592	0.047271
186	044915:27874832	0	2	0.935941	0.434554	0.038762	0.047657
186	044915:27874832	1	1	0.064059	0.565446	0.038762	0.047657
187	044915:28387699	0	1	0.011671	0.391922	0.016182	0.046147
187	044915:28387699	1	2	0.988329	0.608078	0.016182	0.046147
188	044915:28387981	0	1	0.012823	0.559433	0.017741	0.049210
188	044915:28387981	1	2	0.987177	0.440567	0.017741	0.049210
189	044915:28387996	0	1	0.013514	0.500037	0.018750	0.050561
189	044915:28387996	1	2	0.986486	0.499963	0.018750	0.050561
190	044915:28562623	0	1	0.011626	0.482285	0.016155	0.046807
190	044915:28562623	1	2	0.988374	0.517715	0.016155	0.046807
191	044915:32419029	0	2	0.011609	0.994492	0.016144	0.007732
191	044915:32419029	1	1	0.988391	0.005508	0.016144	0.007732
192	044915:32422110	0	2	0.499946	0.995496	0.117731	0.006322
192	044915:32422110	1	1	0.500054	0.004504	0.117731	0.006322
193	044915:32791598	0	2	0.304913	0.869418	0.070996	0.031803
193	044915:32791598	1	1	0.695087	0.130582	0.070996	0.031803
194	044915:36113438	0	1	0.011611	0.628749	0.016145	0.047864
194	044915:36113438	1	2	0.988389	0.371251	0.016145	0.047864
195	044915:40182795	0	1	0.012775	0.617067	0.017711	0.045914
195	044915:40182795	1	2	0.987225	0.382933	0.017711	0.045914
196	044915:41327654	0	1	0.012838	0.489687	0.017837	0.050503
196	044915:41327654	1	2	0.987162	0.510313	0.017837	0.050503
197	044915:42576224	0	2	0.686030	0.995482	0.069975	0.006346
197	044915:42576224	1	1	0.313970	0.004518	0.069975	0.006346
198	044915:42581688	0	2	0.755749	0.995650	0.064823	0.006126
198	044915:42581688	1	1	0.244251	0.004350	0.064823	0.006126
199	022155009:15232	0	1	0.985669	0.300024	0.019853	0.042510
199	022155009:15232	1	2	0.014331	0.699976	0.019853	0.042510
