UponCompletionOf_600000_sweeps
LocNumber LocName AlleleNumber AlleleName FreqInPop0 FreqInPop1 SDInPop0 SDinPop1
0	044904:2131635	0	2	0.867245	0.258449	0.016756	0.068000
0	044904:2131635	1	1	0.132755	0.741551	0.016756	0.068000
1	044904:2134530	0	2	0.998541	0.822634	0.002060	0.067534
1	044904:2134530	1	1	0.001459	0.177366	0.002060	0.067534
2	044904:2135285	0	2	0.850565	0.296168	0.017713	0.072511
2	044904:2135285	1	1	0.149435	0.703832	0.017713	0.072511
3	044904:10070293	0	1	0.190591	0.918871	0.020990	0.049062
3	044904:10070293	1	2	0.809409	0.081129	0.020990	0.049062
4	044904:12339982	0	2	0.986442	0.269493	0.005736	0.070160
4	044904:12339982	1	1	0.013558	0.730507	0.005736	0.070160
5	044904:15180525	0	2	0.995557	0.018486	0.003615	0.025413
5	044904:15180525	1	1	0.004443	0.981514	0.003615	0.025413
6	044904:15927749	0	2	0.762415	0.177240	0.021816	0.062348
6	044904:15927749	1	1	0.237585	0.822760	0.021816	0.062348
7	044904:16945578	0	2	0.716221	0.038796	0.022354	0.030725
7	044904:16945578	1	1	0.283779	0.961204	0.022354	0.030725
8	044904:18010895	0	1	0.136025	0.858126	0.017105	0.055567
8	044904:18010895	1	2	0.863975	0.141874	0.017105	0.055567
9	044904:22264399	0	2	0.991183	0.891757	0.004816	0.053764
9	044904:22264399	1	1	0.008817	0.108243	0.004816	0.053764
10	044904:23611966	0	2	0.772619	0.116731	0.020755	0.051431
10	044904:23611966	1	1	0.227381	0.883269	0.020755	0.051431
11	044904:24915492	0	2	0.724006	0.013815	0.022506	0.019080
11	044904:24915492	1	1	0.275994	0.986185	0.022506	0.019080
12	044904:25862614	0	2	0.739640	0.013098	0.021651	0.018147
12	044904:25862614	1	1	0.260360	0.986902	0.021651	0.018147
13	044904:34907981	0	2	0.968845	0.560700	0.009036	0.085071
13	044904:34907981	1	1	0.031155	0.439300	0.009036	0.085071
14	044904:38933330	0	1	0.173733	0.883364	0.019516	0.051079
14	044904:38933330	1	2	0.826267	0.116636	0.019516	0.051079
15	044904:38933590	0	1	0.178569	0.938337	0.020127	0.037370
15	044904:38933590	1	2	0.821431	0.061663	0.020127	0.037370
16	044904:39612393	0	1	0.249166	0.977969	0.023433	0.030095
16	044904:39612393	1	2	0.750834	0.022031	0.023433	0.030095
17	044904:39612407	0	1	0.244655	0.977913	0.023523	0.030313
17	044904:39612407	1	2	0.755345	0.022087	0.023523	0.030313
18	044904:39613495	0	2	0.844863	0.013714	0.018619	0.019012
18	044904:39613495	1	1	0.155137	0.986286	0.018619	0.019012
19	044904:39613550	0	1	0.160871	0.892411	0.019929	0.053498
19	044904:39613550	1	2	0.839129	0.107589	0.019929	0.053498
20	044904:44338689	0	1	0.220986	0.962184	0.020835	0.029952
20	044904:44338689	1	2	0.779014	0.037816	0.020835	0.029952
21	044905:5459985	0	1	0.137090	0.791267	0.017110	0.063074
21	044905:5459985	1	2	0.862910	0.208733	0.017110	0.063074
22	044905:8412066	0	2	0.862827	0.050764	0.018663	0.041058
22	044905:8412066	1	1	0.137173	0.949236	0.018663	0.041058
23	044905:8433838	0	1	0.260388	0.963906	0.021651	0.029557
23	044905:8433838	1	2	0.739612	0.036094	0.021651	0.029557
24	044905:14287326	0	2	0.998685	0.530492	0.001856	0.085685
24	044905:14287326	1	1	0.001315	0.469508	0.001856	0.085685
25	044905:14349930	0	2	0.944499	0.450733	0.012528	0.079195
25	044905:14349930	1	1	0.055501	0.549267	0.012528	0.079195
26	044905:16541103	0	2	0.821824	0.086370	0.018983	0.043635
26	044905:16541103	1	1	0.178176	0.913630	0.018983	0.043635
27	044905:17059851	0	2	0.998654	0.773149	0.001897	0.120877
27	044905:17059851	1	1	0.001346	0.226851	0.001897	0.120877
28	044905:17060296	0	2	0.717190	0.012800	0.023280	0.017774
28	044905:17060296	1	1	0.282810	0.987200	0.023280	0.017774
29	044905:17097509	0	2	0.998592	0.560979	0.001990	0.085149
29	044905:17097509	1	1	0.001408	0.439021	0.001990	0.085149
30	044905:19682295	0	2	0.734622	0.064118	0.021893	0.038697
30	044905:19682295	1	1	0.265378	0.935882	0.021893	0.038697
31	044905:21403482	0	2	0.998645	0.592169	0.001910	0.078619
31	044905:21403482	1	1	0.001355	0.407831	0.001910	0.078619
32	044905:21405047	0	2	0.998480	0.620216	0.002141	0.095235
32	044905:21405047	1	1	0.001520	0.379784	0.002141	0.095235
33	044905:21871372	0	2	0.862976	0.012932	0.017075	0.017931
33	044905:21871372	1	1	0.137024	0.987068	0.017075	0.017931
34	044905:27367125	0	1	0.293465	0.986692	0.024106	0.018439
34	044905:27367125	1	2	0.706535	0.013308	0.024106	0.018439
35	044905:27371144	0	1	0.295554	0.987530	0.025744	0.017322
35	044905:27371144	1	2	0.704446	0.012470	0.025744	0.017322
36	044905:27374906	0	1	0.263884	0.986210	0.022686	0.019125
36	044905:27374906	1	2	0.736116	0.013790	0.022686	0.019125
37	044905:36071060	0	1	0.291110	0.986125	0.022504	0.019253
37	044905:36071060	1	2	0.708890	0.013875	0.022504	0.019253
38	044905:39590581	0	2	0.844038	0.175223	0.018730	0.061799
38	044905:39590581	1	1	0.155962	0.824777	0.018730	0.061799
39	044905:46589170	0	2	0.998641	0.796480	0.001915	0.075978
39	044905:46589170	1	1	0.001359	0.203520	0.001915	0.075978
40	044905:46589622	0	2	0.998698	0.782153	0.001839	0.065383
40	044905:46589622	1	1	0.001302	0.217847	0.001839	0.065383
41	044905:51540346	0	2	0.958655	0.530288	0.009956	0.085486
41	044905:51540346	1	1	0.041345	0.469712	0.009956	0.085486
42	044905:57968460	0	1	0.169114	0.983649	0.018737	0.022583
42	044905:57968460	1	2	0.830886	0.016351	0.018737	0.022583
43	044905:60112300	0	2	0.836913	0.048266	0.018694	0.037815
43	044905:60112300	1	1	0.163087	0.951734	0.018694	0.037815
44	044905:64658919	0	1	0.196466	0.982424	0.020358	0.024224
44	044905:64658919	1	2	0.803534	0.017576	0.020358	0.024224
45	044905:72701575	0	2	0.998647	0.643059	0.001908	0.079812
45	044905:72701575	1	1	0.001353	0.356941	0.001908	0.079812
46	044905:72988990	0	2	0.998568	0.776009	0.002018	0.076166
46	044905:72988990	1	1	0.001432	0.223991	0.002018	0.076166
47	044905:74794449	0	1	0.068870	0.593562	0.013423	0.087394
47	044905:74794449	1	2	0.931130	0.406438	0.013423	0.087394
48	044905:74797187	0	1	0.233306	0.962092	0.021463	0.029978
48	044905:74797187	1	2	0.766694	0.037908	0.021463	0.029978
49	044905:84624400	0	2	0.991334	0.770577	0.004723	0.072440
49	044905:84624400	1	1	0.008666	0.229423	0.004723	0.072440
50	044905:100167598	0	2	0.959545	0.728710	0.010056	0.074189
50	044905:100167598	1	1	0.040455	0.271290	0.010056	0.074189
51	044905:100168517	0	2	0.963588	0.746390	0.009377	0.067689
51	044905:100168517	1	1	0.036412	0.253610	0.009377	0.067689
52	044906:116562	0	2	0.970651	0.539790	0.008957	0.097765
52	044906:116562	1	1	0.029349	0.460210	0.008957	0.097765
53	044906:6916030	0	2	0.998510	0.870470	0.002105	0.063547
53	044906:6916030	1	1	0.001490	0.129530	0.002105	0.063547
54	044906:8649448	0	2	0.988431	0.473454	0.005544	0.078925
54	044906:8649448	1	1	0.011569	0.526546	0.005544	0.078925
55	044906:14214696	0	1	0.165588	0.950966	0.020117	0.038414
55	044906:14214696	1	2	0.834412	0.049034	0.020117	0.038414
56	044906:18196615	0	2	0.974932	0.643998	0.008483	0.169187
56	044906:18196615	1	1	0.025068	0.356002	0.008483	0.169187
57	044906:18289082	0	2	0.985411	0.663226	0.006172	0.076787
57	044906:18289082	1	1	0.014589	0.336774	0.006172	0.076787
58	044906:25021682	0	1	0.232290	0.979474	0.023408	0.028123
58	044906:25021682	1	2	0.767710	0.020526	0.023408	0.028123
59	044906:25021847	0	1	0.078715	0.879110	0.013891	0.060071
59	044906:25021847	1	2	0.921285	0.120890	0.013891	0.060071
60	044906:25021959	0	2	0.998472	0.879415	0.002153	0.059390
60	044906:25021959	1	1	0.001528	0.120585	0.002153	0.059390
61	044906:26241416	0	2	0.889937	0.103825	0.016519	0.126924
61	044906:26241416	1	1	0.110063	0.896175	0.016519	0.126924
62	044906:26977858	0	2	0.998601	0.855027	0.001965	0.062278
62	044906:26977858	1	1	0.001399	0.144973	0.001965	0.062278
63	044906:35770020	0	2	0.835864	0.064586	0.018388	0.039098
63	044906:35770020	1	1	0.164136	0.935414	0.018388	0.039098
64	044906:35772619	0	2	0.794892	0.500221	0.020928	0.085843
64	044906:35772619	1	1	0.205108	0.499779	0.020928	0.085843
65	044906:48966224	0	2	0.998725	0.597819	0.001800	0.075661
65	044906:48966224	1	1	0.001275	0.402181	0.001800	0.075661
66	044906:54129090	0	2	0.954539	0.611747	0.010647	0.076131
66	044906:54129090	1	1	0.045461	0.388253	0.010647	0.076131
67	044906:55307196	0	2	0.887228	0.341094	0.016482	0.077541
67	044906:55307196	1	1	0.112772	0.658906	0.016482	0.077541
68	044906:55308510	0	2	0.887629	0.216047	0.016621	0.069111
68	044906:55308510	1	1	0.112371	0.783953	0.016621	0.069111
69	044906:67523290	0	2	0.870590	0.168273	0.017298	0.059637
69	044906:67523290	1	1	0.129410	0.831727	0.017298	0.059637
70	044907:47281310	0	2	0.998683	0.670717	0.001859	0.072458
70	044907:47281310	1	1	0.001317	0.329283	0.001859	0.072458
71	044907:53006566	0	2	0.780808	0.012924	0.021581	0.017905
71	044907:53006566	1	1	0.219192	0.987076	0.021581	0.017905
72	044907:54282900	0	2	0.843833	0.322493	0.017996	0.074145
72	044907:54282900	1	1	0.156167	0.677507	0.017996	0.074145
73	044907:54288193	0	2	0.906818	0.379429	0.014469	0.075020
73	044907:54288193	1	1	0.093182	0.620571	0.014469	0.075020
74	044907:55166451	0	1	0.286201	0.985479	0.022767	0.020115
74	044907:55166451	1	2	0.713799	0.014521	0.022767	0.020115
75	044907:69049046	0	2	0.848776	0.317895	0.019400	0.088494
75	044907:69049046	1	1	0.151224	0.682105	0.019400	0.088494
76	044907:73107695	0	2	0.986307	0.628826	0.005792	0.076548
76	044907:73107695	1	1	0.013693	0.371174	0.005792	0.076548
77	044907:82744153	0	1	0.225315	0.841210	0.021068	0.061398
77	044907:82744153	1	2	0.774685	0.158790	0.021068	0.061398
78	044908:548781	0	2	0.985974	0.293248	0.006568	0.083249
78	044908:548781	1	1	0.014026	0.706752	0.006568	0.083249
79	044908:19189000	0	2	0.821125	0.086416	0.020318	0.043676
79	044908:19189000	1	1	0.178875	0.913584	0.020318	0.043676
80	044908:19190197	0	2	0.807642	0.090892	0.020298	0.045861
80	044908:19190197	1	1	0.192358	0.909108	0.020298	0.045861
81	044908:21648788	0	2	0.898356	0.209902	0.015943	0.072303
81	044908:21648788	1	1	0.101644	0.790098	0.015943	0.072303
82	044908:21652542	0	2	0.716042	0.012957	0.022869	0.018020
82	044908:21652542	1	1	0.283958	0.987043	0.022869	0.018020
83	044908:26802993	0	2	0.966516	0.785659	0.009293	0.087619
83	044908:26802993	1	1	0.033484	0.214341	0.009293	0.087619
84	044908:27041841	0	2	0.876510	0.036891	0.016230	0.029232
84	044908:27041841	1	1	0.123490	0.963109	0.016230	0.029232
85	044908:27041874	0	1	0.241733	0.987142	0.021541	0.017849
85	044908:27041874	1	2	0.758267	0.012858	0.021541	0.017849
86	044908:39396103	0	2	0.769464	0.021678	0.022546	0.029686
86	044908:39396103	1	1	0.230536	0.978322	0.022546	0.029686
87	044908:39406013	0	2	0.789198	0.061693	0.020331	0.037378
87	044908:39406013	1	1	0.210802	0.938307	0.020331	0.037378
88	044908:40415730	0	2	0.733310	0.012388	0.022009	0.017224
88	044908:40415730	1	1	0.266690	0.987612	0.022009	0.017224
89	044908:40415877	0	2	0.993572	0.012840	0.004042	0.017847
89	044908:40415877	1	1	0.006428	0.987160	0.004042	0.017847
90	044908:43887999	0	1	0.158398	0.977819	0.019148	0.030340
90	044908:43887999	1	2	0.841602	0.022181	0.019148	0.030340
91	044908:43888063	0	1	0.149928	0.927154	0.018884	0.055993
91	044908:43888063	1	2	0.850072	0.072846	0.018884	0.055993
92	044908:48107644	0	1	0.143080	0.861958	0.017939	0.059577
92	044908:48107644	1	2	0.856920	0.138042	0.017939	0.059577
93	044908:59245493	0	2	0.996569	0.856586	0.003004	0.055803
93	044908:59245493	1	1	0.003431	0.143414	0.003004	0.055803
94	044908:64469620	0	2	0.948716	0.339344	0.011312	0.077047
94	044908:64469620	1	1	0.051284	0.660656	0.011312	0.077047
95	044908:73083133	0	2	0.775670	0.101017	0.020824	0.050462
95	044908:73083133	1	1	0.224330	0.898983	0.020824	0.050462
96	044908:73083418	0	2	0.795325	0.135866	0.022080	0.077960
96	044908:73083418	1	1	0.204675	0.864134	0.022080	0.077960
97	044908:73083444	0	2	0.995522	0.786755	0.003644	0.087708
97	044908:73083444	1	1	0.004478	0.213245	0.003644	0.087708
98	044908:73085711	0	2	0.767128	0.043686	0.021265	0.034392
98	044908:73085711	1	1	0.232872	0.956314	0.021265	0.034392
99	044908:73086075	0	2	0.985338	0.833618	0.006189	0.093026
99	044908:73086075	1	1	0.014662	0.166382	0.006189	0.093026
100	044908:73092909	0	2	0.750625	0.086119	0.021570	0.043513
100	044908:73092909	1	1	0.249375	0.913881	0.021570	0.043513
101	044908:73095608	0	2	0.771451	0.061908	0.021410	0.037539
101	044908:73095608	1	1	0.228549	0.938092	0.021410	0.037539
102	044908:73208097	0	2	0.837936	0.333411	0.018479	0.073461
102	044908:73208097	1	1	0.162064	0.666589	0.018479	0.073461
103	044908:87374931	0	2	0.918680	0.575886	0.013650	0.076710
103	044908:87374931	1	1	0.081320	0.424114	0.013650	0.076710
104	044909:3512765	0	2	0.998644	0.891326	0.001919	0.063591
104	044909:3512765	1	1	0.001356	0.108674	0.001919	0.063591
105	044909:5871823	0	2	0.998649	0.604657	0.001909	0.097705
105	044909:5871823	1	1	0.001351	0.395343	0.001909	0.097705
106	044909:10875062	0	2	0.998656	0.608320	0.001898	0.079214
106	044909:10875062	1	1	0.001344	0.391680	0.001898	0.079214
107	044909:10878901	0	1	0.286222	0.981182	0.024121	0.025894
107	044909:10878901	1	2	0.713778	0.018818	0.024121	0.025894
108	044909:12006824	0	1	0.178613	0.986345	0.019379	0.018951
108	044909:12006824	1	2	0.821387	0.013655	0.019379	0.018951
109	044909:14376797	0	2	0.751745	0.111834	0.022130	0.049257
109	044909:14376797	1	1	0.248255	0.888166	0.022130	0.049257
110	044909:14381289	0	2	0.745551	0.079157	0.023430	0.047290
110	044909:14381289	1	1	0.254449	0.920843	0.023430	0.047290
111	044909:14382186	0	1	0.302282	0.958541	0.023881	0.032834
111	044909:14382186	1	2	0.697718	0.041459	0.023881	0.032834
112	044909:14383621	0	2	0.745518	0.091405	0.021669	0.046022
112	044909:14383621	1	1	0.254482	0.908595	0.021669	0.046022
113	044909:18498604	0	2	0.996118	0.229537	0.003161	0.068412
113	044909:18498604	1	1	0.003882	0.770463	0.003161	0.068412
114	044909:18500429	0	1	0.231998	0.839014	0.021164	0.057216
114	044909:18500429	1	2	0.768002	0.160986	0.021164	0.057216
115	044909:21790616	0	2	0.808234	0.185392	0.019945	0.060587
115	044909:21790616	1	1	0.191766	0.814608	0.019945	0.060587
116	044909:27668158	0	1	0.227557	0.982375	0.021841	0.024258
116	044909:27668158	1	2	0.772443	0.017625	0.021841	0.024258
117	044909:32535484	0	2	0.998609	0.751186	0.001968	0.163059
117	044909:32535484	1	1	0.001391	0.248814	0.001968	0.163059
118	044909:33983887	0	2	0.784082	0.012361	0.020414	0.017147
118	044909:33983887	1	1	0.215918	0.987639	0.020414	0.017147
119	044909:53542746	0	2	0.988326	0.329105	0.005472	0.078443
119	044909:53542746	1	1	0.011674	0.670895	0.005472	0.078443
120	044910:15786008	0	2	0.764693	0.129254	0.021516	0.056293
120	044910:15786008	1	1	0.235307	0.870746	0.021516	0.056293
121	044910:23170742	0	2	0.779280	0.061534	0.020702	0.037232
121	044910:23170742	1	1	0.220720	0.938466	0.020702	0.037232
122	044910:26391694	0	1	0.218595	0.982396	0.020882	0.024286
122	044910:26391694	1	2	0.781405	0.017604	0.020882	0.024286
123	044910:26735156	0	2	0.998747	0.743951	0.001767	0.067354
123	044910:26735156	1	1	0.001253	0.256049	0.001767	0.067354
124	044910:31542094	0	2	0.996226	0.501113	0.003087	0.144376
124	044910:31542094	1	1	0.003774	0.498887	0.003087	0.144376
125	044910:33513770	0	2	0.792668	0.013701	0.021071	0.018931
125	044910:33513770	1	1	0.207332	0.986299	0.021071	0.018931
126	044910:36714693	0	2	0.976015	0.763871	0.008126	0.069827
126	044910:36714693	1	1	0.023985	0.236129	0.008126	0.069827
127	044910:36715319	0	2	0.886533	0.048735	0.017231	0.038201
127	044910:36715319	1	1	0.113467	0.951265	0.017231	0.038201
128	044910:36804293	0	2	0.998635	0.722505	0.001923	0.084643
128	044910:36804293	1	1	0.001365	0.277495	0.001923	0.084643
129	044910:36804301	0	1	0.188321	0.981107	0.020340	0.025913
129	044910:36804301	1	2	0.811679	0.018893	0.020340	0.025913
130	044910:37028802	0	1	0.207346	0.956829	0.020443	0.033984
130	044910:37028802	1	2	0.792654	0.043171	0.020443	0.033984
131	044910:38149785	0	2	0.998570	0.758337	0.002019	0.075688
131	044910:38149785	1	1	0.001430	0.241663	0.002019	0.075688
132	044910:48575915	0	2	0.980078	0.859128	0.007194	0.062418
132	044910:48575915	1	1	0.019922	0.140872	0.007194	0.062418
133	044911:1525605	0	2	0.832050	0.292850	0.019229	0.079019
133	044911:1525605	1	1	0.167950	0.707150	0.019229	0.079019
134	044911:30462130	0	2	0.923978	0.501552	0.013206	0.204180
134	044911:30462130	1	1	0.076022	0.498448	0.013206	0.204180
135	044911:41842385	0	2	0.993855	0.089813	0.003890	0.045264
135	044911:41842385	1	1	0.006145	0.910187	0.003890	0.045264
136	044911:43671630	0	2	0.998699	0.843010	0.001829	0.060640
136	044911:43671630	1	1	0.001301	0.156990	0.001829	0.060640
137	044911:44083926	0	1	0.139290	0.987423	0.017629	0.017476
137	044911:44083926	1	2	0.860710	0.012577	0.017629	0.017476
138	044911:45632780	0	1	0.153037	0.951305	0.018733	0.038392
138	044911:45632780	1	2	0.846963	0.048695	0.018733	0.038392
139	044911:45842200	0	2	0.998725	0.597978	0.001800	0.075572
139	044911:45842200	1	1	0.001275	0.402022	0.001800	0.075572
140	044911:48826152	0	2	0.669739	0.044160	0.024168	0.034733
140	044911:48826152	1	1	0.330261	0.955840	0.024168	0.034733
141	044911:52529647	0	2	0.803250	0.071920	0.019636	0.043277
141	044911:52529647	1	1	0.196750	0.928080	0.019636	0.043277
142	044911:54296616	0	2	0.860935	0.012299	0.017311	0.017120
142	044911:54296616	1	1	0.139065	0.987701	0.017311	0.017120
143	044911:54979587	0	2	0.759455	0.040805	0.021316	0.032205
143	044911:54979587	1	1	0.240545	0.959195	0.021316	0.032205
144	044911:54979780	0	2	0.773042	0.012984	0.020832	0.018026
144	044911:54979780	1	1	0.226958	0.987016	0.020832	0.018026
145	044911:56302235	0	2	0.839267	0.038672	0.018480	0.030733
145	044911:56302235	1	1	0.160733	0.961328	0.018480	0.030733
146	044911:57672723	0	1	0.160272	0.927915	0.019197	0.043388
146	044911:57672723	1	2	0.839728	0.072085	0.019197	0.043388
147	044911:57873775	0	2	0.998779	0.670983	0.001722	0.072498
147	044911:57873775	1	1	0.001221	0.329017	0.001722	0.072498
148	044912:9350287	0	2	0.958008	0.643492	0.010430	0.088442
148	044912:9350287	1	1	0.041992	0.356508	0.010430	0.088442
149	044912:12342012	0	2	0.647015	0.042915	0.024445	0.034803
149	044912:12342012	1	1	0.352985	0.957085	0.024445	0.034803
150	044912:12342142	0	2	0.996326	0.704864	0.003033	0.072080
150	044912:12342142	1	1	0.003674	0.295136	0.003033	0.072080
151	044912:13155809	0	1	0.243219	0.938779	0.021379	0.037592
151	044912:13155809	1	2	0.756781	0.061221	0.021379	0.037592
152	044912:17536536	0	2	0.864958	0.332866	0.017635	0.079397
152	044912:17536536	1	1	0.135042	0.667134	0.017635	0.079397
153	044912:17992617	0	2	0.995844	0.919487	0.003384	0.048071
153	044912:17992617	1	1	0.004156	0.080513	0.003384	0.048071
154	044912:23444588	0	2	0.983724	0.783653	0.006329	0.065438
154	044912:23444588	1	1	0.016276	0.216347	0.006329	0.065438
155	044912:23446240	0	2	0.998472	0.776044	0.002159	0.076154
155	044912:23446240	1	1	0.001528	0.223956	0.002159	0.076154
156	044912:32555114	0	2	0.897095	0.263403	0.015915	0.087182
156	044912:32555114	1	1	0.102905	0.736597	0.015915	0.087182
157	044912:39586023	0	2	0.756123	0.046452	0.022490	0.036456
157	044912:39586023	1	1	0.243877	0.953548	0.022490	0.036456
158	044912:39587575	0	2	0.765733	0.015492	0.021188	0.021344
158	044912:39587575	1	1	0.234267	0.984508	0.021188	0.021344
159	044913:643181	0	2	0.799627	0.111173	0.020086	0.048834
159	044913:643181	1	1	0.200373	0.888827	0.020086	0.048834
160	044913:3813321	0	2	0.996007	0.700391	0.003253	0.076430
160	044913:3813321	1	1	0.003993	0.299609	0.003253	0.076430
161	044913:5636212	0	2	0.880616	0.134275	0.016630	0.052870
161	044913:5636212	1	1	0.119384	0.865725	0.016630	0.052870
162	044913:16482321	0	2	0.827561	0.012959	0.018796	0.017999
162	044913:16482321	1	1	0.172439	0.987041	0.018796	0.017999
163	044913:23271953	0	2	0.991189	0.705631	0.004689	0.072154
163	044913:23271953	1	1	0.008811	0.294369	0.004689	0.072154
164	044913:23466418	0	2	0.998709	0.928668	0.001819	0.054889
164	044913:23466418	1	1	0.001291	0.071332	0.001819	0.054889
165	044913:23466431	0	2	0.998658	0.948365	0.001894	0.040361
165	044913:23466431	1	1	0.001342	0.051635	0.001894	0.040361
166	044913:23466465	0	2	0.995529	0.944174	0.003665	0.043466
166	044913:23466465	1	1	0.004471	0.055826	0.003665	0.043466
167	044913:23779607	0	2	0.890877	0.380834	0.015997	0.075422
167	044913:23779607	1	1	0.109123	0.619166	0.015997	0.075422
168	044913:25517727	0	1	0.159193	0.964341	0.018154	0.029208
168	044913:25517727	1	2	0.840807	0.035659	0.018154	0.029208
169	044913:31005654	0	2	0.738866	0.124003	0.023730	0.061083
169	044913:31005654	1	1	0.261134	0.875997	0.023730	0.061083
170	044913:38150238	0	2	0.992500	0.770211	0.004721	0.068285
170	044913:38150238	1	1	0.007500	0.229789	0.004721	0.068285
171	044913:40166388	0	2	0.998709	0.534634	0.001822	0.090920
171	044913:40166388	1	1	0.001291	0.465366	0.001822	0.090920
172	044914:991861	0	1	0.252248	0.777912	0.021594	0.066606
172	044914:991861	1	2	0.747752	0.222088	0.021594	0.066606
173	044914:993509	0	2	0.917543	0.380088	0.013639	0.075233
173	044914:993509	1	1	0.082457	0.619912	0.013639	0.075233
174	044914:25869153	0	2	0.885868	0.233572	0.016473	0.065615
174	044914:25869153	1	1	0.114132	0.766428	0.016473	0.065615
175	044914:28920834	0	1	0.168293	0.983614	0.018945	0.022566
175	044914:28920834	1	2	0.831707	0.016386	0.018945	0.022566
176	044914:28920924	0	1	0.223156	0.985164	0.021014	0.020504
176	044914:28920924	1	2	0.776844	0.014836	0.021014	0.020504
177	044914:34829059	0	2	0.998621	0.822787	0.001946	0.067433
177	044914:34829059	1	1	0.001379	0.177213	0.001946	0.067433
178	044914:42174126	0	2	0.998545	0.913976	0.002054	0.051184
178	044914:42174126	1	1	0.001455	0.086024	0.002054	0.051184
179	044914:53291947	0	2	0.998708	0.924266	0.001826	0.045408
179	044914:53291947	1	1	0.001292	0.075734	0.001826	0.045408
180	044914:56467637	0	2	0.960183	0.166846	0.009915	0.063995
180	044914:56467637	1	1	0.039817	0.833154	0.009915	0.063995
181	044914:56472375	0	2	0.995824	0.693113	0.003452	0.081575
181	044914:56472375	1	1	0.004176	0.306887	0.003452	0.081575
182	044915:2284769	0	2	0.998577	0.595628	0.002005	0.104715
182	044915:2284769	1	1	0.001423	0.404372	0.002005	0.104715
183	044915:6206069	0	2	0.995541	0.886888	0.003643	0.056117
183	044915:6206069	1	1	0.004459	0.113112	0.003643	0.056117
184	044915:7709794	0	2	0.993947	0.882771	0.003944	0.051238
184	044915:7709794	1	1	0.006053	0.117229	0.003944	0.051238
185	044915:11237866	0	2	0.998708	0.621578	0.001830	0.083195
185	044915:11237866	1	1	0.001292	0.378422	0.001830	0.083195
186	044915:12935551	0	2	0.949533	0.440799	0.011134	0.085371
186	044915:12935551	1	1	0.050467	0.559201	0.011134	0.085371
187	044915:14157686	0	2	0.996126	0.792821	0.003147	0.062481
187	044915:14157686	1	1	0.003874	0.207179	0.003147	0.062481
188	044915:16156189	0	2	0.724466	0.012313	0.022268	0.017075
188	044915:16156189	1	1	0.275534	0.987687	0.022268	0.017075
189	044915:19934732	0	1	0.292494	0.986498	0.022565	0.018745
189	044915:19934732	1	2	0.707506	0.013502	0.022565	0.018745
190	044915:25905675	0	2	0.998743	0.841437	0.001776	0.056377
190	044915:25905675	1	1	0.001257	0.158563	0.001776	0.056377
191	044915:27323550	0	2	0.998568	0.776050	0.002019	0.076143
191	044915:27323550	1	1	0.001432	0.223950	0.002019	0.076143
192	044915:27874790	0	2	0.995976	0.371147	0.003272	0.085306
192	044915:27874790	1	1	0.004024	0.628853	0.003272	0.085306
193	044915:27876866	0	2	0.998446	0.409621	0.002195	0.142012
193	044915:27876866	1	1	0.001554	0.590379	0.002195	0.142012
194	044915:28562738	0	1	0.164744	0.984620	0.019824	0.021292
194	044915:28562738	1	2	0.835256	0.015380	0.019824	0.021292
195	044915:29451913	0	2	0.803089	0.016466	0.020849	0.022703
195	044915:29451913	1	1	0.196911	0.983534	0.020849	0.022703
196	044915:32545313	0	2	0.998607	0.855038	0.001964	0.062285
196	044915:32545313	1	1	0.001393	0.144962	0.001964	0.062285
197	044915:37910356	0	2	0.836614	0.016306	0.018316	0.022531
197	044915:37910356	1	1	0.163386	0.983694	0.018316	0.022531
198	044915:41228569	0	2	0.751993	0.049566	0.022342	0.038863
198	044915:41228569	1	1	0.248007	0.950434	0.022342	0.038863
199	044915:41231554	0	2	0.844511	0.066408	0.019170	0.051316
199	044915:41231554	1	1	0.155489	0.933592	0.019170	0.051316
