ind_ID sppcode mac_frac alb_frac bic_frac ste_frac mue_frac
QUE002637_mac mac 0.99452 1e-05 1e-05 1e-05 0.00545
QUE002631_mac mac 0.986379 0.005244 1e-05 1e-05 0.008357
QUE002647_mac mac 0.99996 1e-05 1e-05 1e-05 1e-05
QUE002613_mac mac 0.99996 1e-05 1e-05 1e-05 1e-05
QUE002614_mac mac 0.990682 1e-05 0.009288 1e-05 1e-05
QUE002616_mac mac 0.99996 1e-05 1e-05 1e-05 1e-05
QUE002617_mac mac 0.99996 1e-05 1e-05 1e-05 1e-05
QUE002599_mac mac 0.999759 1e-05 1e-05 0.000211 1e-05
QUE002628_mac mac 0.99996 1e-05 1e-05 1e-05 1e-05
QUE002601_mac mac 0.99996 1e-05 1e-05 1e-05 1e-05
QUE002638_mac mac 0.992409 0.005983 0.001589 1e-05 1e-05
QUE002615_mac mac 0.986717 0.013253 1e-05 1e-05 1e-05
QUE002595_mac mac 0.99996 1e-05 1e-05 1e-05 1e-05
QUE002634_mac mac 0.991259 0.008711 1e-05 1e-05 1e-05
QUE002590_mac mac 0.99044 1e-05 1e-05 1e-05 0.00953
QUE002608_mac mac 0.99996 1e-05 1e-05 1e-05 1e-05
QUE002641_mac mac 0.99996 1e-05 1e-05 1e-05 1e-05
QUE001334_mac mac 0.981302 0.01244 1e-05 1e-05 0.006238
QUE001337_mac mac 0.99996 1e-05 1e-05 1e-05 1e-05
QUE001338_mac mac 0.99996 1e-05 1e-05 1e-05 1e-05
QUE001339_mac mac 0.99996 1e-05 1e-05 1e-05 1e-05
QUE001342_mac mac 0.99996 1e-05 1e-05 1e-05 1e-05
QUE001343_mac mac 0.99996 1e-05 1e-05 1e-05 1e-05
QUE001344_mac mac 0.477636 0.522333 1e-05 1.1e-05 1e-05
QUE001345_mac mac 0.99996 1e-05 1e-05 1e-05 1e-05
QUE001346_mac mac 0.99996 1e-05 1e-05 1e-05 1e-05
QUE001347_mac mac 0.989355 1e-05 0.010615 1e-05 1e-05
QUE001348_mac mac 0.987417 1e-05 0.012553 1e-05 1e-05
QUE001350_mac mac 0.99996 1e-05 1e-05 1e-05 1e-05
QUE001351_mac mac 0.99996 1e-05 1e-05 1e-05 1e-05
QUE001352_mac mac 0.977566 1e-05 0.022404 1e-05 1e-05
QUE001354_bic bic 1e-05 1e-05 0.99996 1e-05 1e-05
QUE001355_bic bic 1e-05 1e-05 0.99996 1e-05 1e-05
QUE001356_bic bic 1e-05 1e-05 0.99996 1e-05 1e-05
QUE001357_bic bic 1e-05 1e-05 0.99996 1e-05 1e-05
QUE001360_bic bic 1e-05 1e-05 0.99996 1e-05 1e-05
QUE001366_bic bic 1e-05 1e-05 0.99996 1e-05 1e-05
QUE001368_bic bic 1e-05 1e-05 0.99996 1e-05 1e-05
QUE001370_mac mac 0.99996 1e-05 1e-05 1e-05 1e-05
QUE001371_mac mac 0.99996 1e-05 1e-05 1e-05 1e-05
QUE001372_mac mac 0.99996 1e-05 1e-05 1e-05 1e-05
QUE001375_bic bic 1e-05 1e-05 0.99996 1e-05 1e-05
QUE001386_bic bic 1e-05 1e-05 0.99996 1e-05 1e-05
QUE001487_mac mac 0.99996 1e-05 1e-05 1e-05 1e-05
QUE001526_mac mac 0.972785 1e-05 0.027185 1e-05 1e-05
QUE001527_bic bic 1e-05 1e-05 0.99996 1e-05 1e-05
QUE001528_bic bic 1e-05 1e-05 0.999957 1e-05 1.3e-05
QUE001529_bic bic 1e-05 1e-05 0.99996 1e-05 1e-05
QUE001530_mac mac 0.99996 1e-05 1e-05 1e-05 1e-05
QUE001532_mac mac 0.994313 1e-05 0.005657 1e-05 1e-05
QUE001533_mac mac 0.99996 1e-05 1e-05 1e-05 1e-05
QUE001534_bic bic 1e-05 1e-05 0.99996 1e-05 1e-05
QUE001536_mac mac 0.97238 1e-05 0.018655 0.000585 0.008369
QUE001537_bic bic 0.043875 1e-05 0.956095 1e-05 1e-05
QUE001538_bic bic 1e-05 1e-05 0.99996 1e-05 1e-05
QUE001539_bic bic 1e-05 1e-05 0.99996 1e-05 1e-05
QUE001541_mac mac 0.99996 1e-05 1e-05 1e-05 1e-05
QUE001542_mac mac 0.99996 1e-05 1e-05 1e-05 1e-05
QUE001543_bic bic 1e-05 1e-05 0.99996 1e-05 1e-05
QUE001545_bic bic 1e-05 1e-05 0.99996 1e-05 1e-05
QUE001547_mac mac 0.99996 1e-05 1e-05 1e-05 1e-05
QUE001548_mac mac 0.99996 1e-05 1e-05 1e-05 1e-05
QUE001549_mac mac 0.972789 1e-05 0.02446 1e-05 0.002731
QUE001463_alb alb 1e-05 0.99996 1e-05 1e-05 1e-05
QUE001451_ste ste 1e-05 1e-05 1e-05 0.99996 1e-05
QUE001452_ste ste 1e-05 1e-05 1e-05 0.99996 1e-05
QUE001550_bic bic 1e-05 1e-05 0.99996 1e-05 1e-05
QUE001551_mac mac 0.990732 1e-05 0.009238 1e-05 1e-05
QUE001552_bic bic 1e-05 1e-05 0.99996 1e-05 1e-05
QUE001553_bic bic 1e-05 1e-05 0.99996 1e-05 1e-05
QUE001554_mac mac 0.983359 1e-05 0.016611 1e-05 1e-05
QUE001555_bic bic 1e-05 1e-05 0.99996 1e-05 1e-05
QUE001556_mac mac 0.965188 1e-05 0.024038 1e-05 0.010754
QUE001388_bic bic 1e-05 1e-05 0.99996 1e-05 1e-05
QUE001400_ste ste 1e-05 1e-05 1e-05 0.99996 1e-05
QUE001403_ste ste 1e-05 1e-05 1e-05 0.99996 1e-05
QUE001406_ste ste 1e-05 1e-05 1e-05 0.99996 1e-05
QUE001408_ste ste 1e-05 1e-05 1e-05 0.99996 1e-05
QUE001409_ste ste 1e-05 1e-05 1e-05 0.99996 1e-05
QUE001410_ste ste 1e-05 1e-05 1e-05 0.99996 1e-05
QUE001411_ste ste 1e-05 1e-05 1e-05 0.99996 1e-05
QUE001412_ste ste 1e-05 1e-05 1e-05 0.99996 1e-05
QUE001758_alb alb 1e-05 0.99996 1e-05 1e-05 1e-05
QUE001759_mac mac 0.99996 1e-05 1e-05 1e-05 1e-05
QUE001804_mac mac 0.99996 1e-05 1e-05 1e-05 1e-05
QUE001814_mac mac 0.989637 1e-05 1e-05 0.006029 0.004313
QUE001815_alb alb 1e-05 0.99996 1e-05 1e-05 1e-05
QUE001819_mue mue 1e-05 1e-05 1e-05 1e-05 0.99996
QUE001839_ste ste 1e-05 1e-05 1e-05 0.99996 1e-05
QUE001840_mue mue 1e-05 1e-05 1e-05 1e-05 0.99996
QUE001841_alb alb 0.177169 0.822801 1e-05 1e-05 1e-05
QUE001862_ste ste 1e-05 1e-05 1e-05 0.99996 1e-05
QUE001863_mac mac 0.99996 1e-05 1e-05 1e-05 1e-05
QUE001893_mue mue 1e-05 1e-05 1e-05 1e-05 0.99996
QUE001916_mac mac 0.99996 1e-05 1e-05 1e-05 1e-05
QUE001918_alb alb 1e-05 0.99996 1e-05 1e-05 1e-05
QUE001932_alb alb 1e-05 0.99996 1e-05 1e-05 1e-05
QUE001933_mac mac 0.984518 1e-05 1e-05 1e-05 0.015452
QUE001783_mac mac 0.99996 1e-05 1e-05 1e-05 1e-05
QUE001880_mac mac 0.99996 1e-05 1e-05 1e-05 1e-05
QUE001907_mac mac 0.99996 1e-05 1e-05 1e-05 1e-05
QUE001937_mac mac 0.977538 1e-05 0.022432 1e-05 1e-05
QUE001963_mac mac 0.994634 1e-05 0.005336 1e-05 1e-05
QUE001971_mac mac 0.992549 1e-05 1e-05 1e-05 0.007421
QUE001982_mac mac 0.99996 1e-05 1e-05 1e-05 1e-05
QUE002057_mac mac 0.99996 1e-05 1e-05 1e-05 1e-05
QUE002074_mac mac 0.994736 1e-05 1e-05 1e-05 0.005234
QUE002075_alb alb 1e-05 0.99996 1e-05 1e-05 1e-05
QUE002081_mac mac 0.991854 0.006238 1e-05 1e-05 0.001888
QUE002082_mac mac 0.986142 1e-05 1e-05 1e-05 0.013828
QUE002085_mac mac 0.99996 1e-05 1e-05 1e-05 1e-05
QUE002091_alb alb 1e-05 0.99996 1e-05 1e-05 1e-05
QUE002098_mue mue 1e-05 1e-05 1e-05 1e-05 0.99996
QUE002105_mac mac 0.975736 0.006898 1e-05 0.008545 0.008811
QUE002108_alb alb 1e-05 0.99996 1e-05 1e-05 1e-05
QUE002121_alb alb 1e-05 0.99996 1e-05 1e-05 1e-05
QUE002129_mac mac 0.99996 1e-05 1e-05 1e-05 1e-05
QUE002133_mac mac 0.867342 0.041484 0.091153 1e-05 1e-05
QUE002138_alb alb 1e-05 0.99996 1e-05 1e-05 1e-05
QUE002154_mac mac 0.974272 1e-05 0.025698 1e-05 1e-05
QUE002155_alb alb 0.156464 0.525603 0.317914 1e-05 1e-05
QUE002187_mac mac 0.975629 1e-05 1e-05 1e-05 0.024341
QUE002188_ste ste 1e-05 1e-05 1e-05 0.99996 1e-05
QUE002189_mue mue 1e-05 1e-05 1e-05 1e-05 0.99996
QUE002196_bic bic 1e-05 1e-05 0.99996 1e-05 1e-05
QUE002209_ste ste 1e-05 1e-05 1e-05 0.99996 1e-05
QUE002210_alb alb 1e-05 0.99996 1e-05 1e-05 1e-05
QUE002219_ste ste 1e-05 1e-05 1e-05 0.99996 1e-05
QUE002247_mue mue 1e-05 1e-05 1e-05 1e-05 0.99996
QUE002251_mac mac 0.999843 1e-05 1e-05 1e-05 0.000127
QUE002252_ste ste 1e-05 1e-05 1e-05 0.99996 1e-05
QUE002253_alb alb 1e-05 0.99996 1e-05 1e-05 1e-05
QUE002285_mue mue 1e-05 1e-05 1e-05 1e-05 0.99996
QUE002302_mac mac 0.99453 1e-05 0.00544 1e-05 1e-05
QUE002303_mue mue 1e-05 1e-05 1e-05 1e-05 0.99996
QUE002304_mac mac 0.993363 1e-05 1e-05 1e-05 0.006607
QUE002326_mac mac 0.521244 1e-05 0.478721 1e-05 1.4e-05
QUE002336_mac mac 0.99996 1e-05 1e-05 1e-05 1e-05
QUE002337_alb alb 1e-05 0.99996 1e-05 1e-05 1e-05
QUE002355_alb alb 0.01219 0.98778 1e-05 1e-05 1e-05
QUE002361_bic bic 0.5288 1e-05 0.47117 1e-05 1e-05
QUE002367_mac mac 0.993048 0.006922 1e-05 1e-05 1e-05
QUE002399_alb alb 1e-05 0.99996 1e-05 1e-05 1e-05
QUE002400_mac mac 0.989209 1e-05 1e-05 1e-05 0.010761
QUE002424_mac mac 0.989499 0.010471 1e-05 1e-05 1e-05
QUE002471_mac mac 0.99399 1e-05 1e-05 0.00598 1e-05
QUE002480_mac mac 0.99996 1e-05 1e-05 1e-05 1e-05
QUE002481_mue mue 1e-05 1e-05 1e-05 1e-05 0.99996
QUE002493_alb alb 1e-05 0.99996 1e-05 1e-05 1e-05
QUE002526_alb alb 1e-05 0.99996 1e-05 1e-05 1e-05
QUE002528_bic bic 1e-05 1e-05 0.99996 1e-05 1e-05
QUE002535_alb alb 0.017856 0.982114 1e-05 1e-05 1e-05
QUE002579_mac mac 0.98956 0.01041 1e-05 1e-05 1e-05
QUE002364_mac mac 0.992953 1e-05 1e-05 1e-05 0.007017
QUE002369_mac mac 0.993861 1e-05 1e-05 1e-05 0.006109
QUE002370_alb alb 1e-05 0.99996 1e-05 1e-05 1e-05
QUE002371_mac mac 0.997984 1e-05 1e-05 1e-05 0.001986
QUE002373_mac mac 0.99996 1e-05 1e-05 1e-05 1e-05
QUE002374_mac mac 0.99996 1e-05 1e-05 1e-05 1e-05
QUE002375_alb alb 1e-05 0.99996 1e-05 1e-05 1e-05
QUE001610_mac mac 0.986007 0.012031 1e-05 0.001941 1e-05
QUE001796_mac mac 0.994217 1e-05 0.005753 1e-05 1e-05
QUE001846_alb alb 1e-05 0.99996 1e-05 1e-05 1e-05
QUE001871_ste ste 0.067516 1e-05 1e-05 0.932454 1e-05
QUE001877_ste ste 0.436882 1e-05 1e-05 0.563088 1e-05
QUE001878_mac mac 0.99996 1e-05 1e-05 1e-05 1e-05
QUE001882_mac mac 0.9349 1e-05 0.06507 1e-05 1e-05
QUE001885_alb alb 0.483894 0.50585 0.010236 1e-05 1e-05
QUE001886_mac mac 0.604316 1e-05 1e-05 1e-05 0.395654
QUE001898_mue mue 0.512254 1e-05 1e-05 1e-05 0.487716
QUE001900_mac mac 0.982995 1e-05 1e-05 0.016975 1e-05
QUE001904_mac mac 0.988098 0.00729 1e-05 0.004592 1e-05
QUE001912_mac mac 0.99996 1e-05 1e-05 1e-05 1e-05
QUE001920_alb alb 0.5116 0.479646 1e-05 0.008734 1e-05
QUE001922_mac mac 0.506129 0.489192 0.000423 0.004247 1e-05
QUE001923_ste ste 0.468574 1e-05 1e-05 0.531396 1e-05
QUE001924_mac mac 0.983694 1e-05 0.014601 0.001685 1e-05
QUE001925_ste ste 0.464355 1e-05 1e-05 0.535615 1e-05
QUE001928_mac mac 0.99996 1e-05 1e-05 1e-05 1e-05
QUE001929_mac mac 0.99996 1e-05 1e-05 1e-05 1e-05
QUE001930_mue mue 1e-05 1e-05 1e-05 1e-05 0.99996
QUE001936_mac mac 0.990954 1e-05 1e-05 1e-05 0.009016
QUE001938_mue mue 1e-05 1e-05 1e-05 1e-05 0.99996
QUE001943_alb alb 1e-05 0.99996 1e-05 1e-05 1e-05
QUE001959_mac mac 0.997346 1e-05 1e-05 1e-05 0.002624
QUE001969_mac mac 0.99996 1e-05 1e-05 1e-05 1e-05
QUE001980_mac mac 0.99996 1e-05 1e-05 1e-05 1e-05
QUE001985_mac mac 0.97651 0.010717 1e-05 0.012753 1e-05
QUE002058_mac mac 0.987981 1e-05 0.008813 0.003187 1e-05
QUE002068_mac mac 0.99996 1e-05 1e-05 1e-05 1e-05
QUE002069_mac mac 0.992035 0.007935 1e-05 1e-05 1e-05
QUE002072_mac mac 0.99996 1e-05 1e-05 1e-05 1e-05
QUE002073_mac mac 0.99996 1e-05 1e-05 1e-05 1e-05
QUE002076_mac mac 0.99996 1e-05 1e-05 1e-05 1e-05
QUE002083_mac mac 0.99996 1e-05 1e-05 1e-05 1e-05
QUE002084_mac mac 0.988356 1e-05 0.008829 0.000284 0.002522
QUE002087_mac mac 0.99598 0.00399 1e-05 1e-05 1e-05
QUE002096_mac mac 0.99996 1e-05 1e-05 1e-05 1e-05
QUE002099_mue mue 1e-05 0.585783 1e-05 1e-05 0.414187
QUE002106_mac mac 0.507708 0.466983 0.011771 1e-05 0.013528
QUE002109_alb alb 1e-05 0.99996 1e-05 1e-05 1e-05
QUE002110_mac mac 0.979086 1e-05 1e-05 1e-05 0.020884
QUE002114_mac mac 0.99996 1e-05 1e-05 1e-05 1e-05
QUE002119_mac mac 0.995066 1e-05 0.004904 1e-05 1e-05
QUE002124_alb alb 1e-05 0.99996 1e-05 1e-05 1e-05
QUE002128_alb alb 1e-05 0.99996 1e-05 1e-05 1e-05
QUE002132_mac mac 0.410169 0.024324 0.557163 1e-05 0.008334
QUE002134_mac mac 0.935509 1e-05 0.064461 1e-05 1e-05
QUE002135_mac mac 0.953652 1e-05 0.008173 1e-05 0.038155
QUE002136_mac mac 0.967846 0.005329 0.026803 1e-05 1.3e-05
QUE002139_mac mac 0.510244 0.037155 0.452581 1e-05 1e-05
QUE002140_mac mac 0.926141 1e-05 0.073829 1e-05 1e-05
QUE002141_mac mac 0.91504 0.029841 0.055099 1e-05 1e-05
QUE002143_mac mac 0.89754 0.023082 0.079357 1e-05 1e-05
QUE002147_mac mac 0.938652 0.026375 0.034953 1e-05 1e-05
QUE002148_mac mac 0.969902 1e-05 0.028614 0.001464 1e-05
QUE002149_alb alb 0.48231 0.506618 0.011053 1e-05 1e-05
QUE002150_mac mac 0.922233 1e-05 0.077737 1e-05 1e-05
QUE002151_mac mac 0.94792 1e-05 0.05205 1e-05 1e-05
QUE002157_alb alb 0.287583 0.572454 0.139943 1e-05 1e-05
QUE002159_mac mac 0.955267 1e-05 0.044703 1e-05 1e-05
QUE002160_mac mac 0.981946 1e-05 0.018024 1e-05 1e-05
QUE002161_mac mac 0.952539 0.00446 0.042981 1e-05 1e-05
QUE002166_mac mac 0.996662 1e-05 0.003308 1e-05 1e-05
QUE002170_mac mac 0.99996 1e-05 1e-05 1e-05 1e-05
QUE002175_mac mac 0.99996 1e-05 1e-05 1e-05 1e-05
QUE002176_alb alb 1e-05 0.99996 1e-05 1e-05 1e-05
QUE002180_ste ste 1e-05 1e-05 1e-05 0.99996 1e-05
QUE002194_mac mac 0.99996 1e-05 1e-05 1e-05 1e-05
QUE002195_ste ste 1e-05 1e-05 1e-05 0.99996 1e-05
QUE002202_mac mac 0.99996 1e-05 1e-05 1e-05 1e-05
QUE002216_alb alb 1e-05 0.99996 1e-05 1e-05 1e-05
QUE002225_alb alb 1e-05 0.99996 1e-05 1e-05 1e-05
QUE002226_mue mue 1e-05 1e-05 1e-05 1e-05 0.99996
QUE002229_ste ste 1e-05 1e-05 1e-05 0.99996 1e-05
QUE002232_alb alb 1e-05 0.99996 1e-05 1e-05 1e-05
QUE002240_ste ste 1e-05 1e-05 1e-05 0.99996 1e-05
QUE002256_mac mac 0.99996 1e-05 1e-05 1e-05 1e-05
QUE002261_alb alb 1e-05 0.99996 1e-05 1e-05 1e-05
QUE002265_mac mac 0.98412 1e-05 0.01585 1e-05 1e-05
QUE002267_mue mue 1e-05 1e-05 1e-05 1e-05 0.99996
QUE002268_mac mac 0.966678 1e-05 1e-05 1e-05 0.033292
QUE002269_alb alb 1e-05 0.99996 1e-05 1e-05 1e-05
QUE002275_alb alb 1e-05 0.99996 1e-05 1e-05 1e-05
QUE002290_mue mue 1e-05 1e-05 1e-05 1e-05 0.99996
QUE002291_mac mac 0.99996 1e-05 1e-05 1e-05 1e-05
QUE002299_mac mac 0.993707 1e-05 1e-05 0.006263 1e-05
QUE002310_mue mue 1e-05 1e-05 1e-05 1e-05 0.99996
QUE002313_alb alb 1e-05 0.99996 1e-05 1e-05 1e-05
QUE002314_alb alb 1e-05 0.99996 1e-05 1e-05 1e-05
QUE002315_alb alb 1e-05 0.99996 1e-05 1e-05 1e-05
QUE002319_alb alb 1e-05 0.99996 1e-05 1e-05 1e-05
QUE002324_alb alb 1e-05 0.99996 1e-05 1e-05 1e-05
QUE002331_mac mac 0.866514 1e-05 0.133456 1e-05 1e-05
QUE002335_mac mac 0.8442 0.038521 0.117259 1e-05 1e-05
QUE002338_mac mac 0.99138 1e-05 0.005044 0.003556 1e-05
QUE002339_alb alb 1e-05 0.99996 1e-05 1e-05 1e-05
QUE002341_mac mac 0.932744 0.018869 0.048367 1e-05 1e-05
QUE002342_alb alb 0.0181 0.98187 1e-05 1e-05 1e-05
QUE002346_alb alb 1e-05 0.99996 1e-05 1e-05 1e-05
QUE002347_bic bic 0.042471 1e-05 0.957499 1e-05 1e-05
QUE002351_alb alb 0.014051 0.985919 1e-05 1e-05 1e-05
QUE002362_alb alb 1e-05 0.99996 1e-05 1e-05 1e-05
QUE002379_mac mac 0.99996 1e-05 1e-05 1e-05 1e-05
QUE002383_alb alb 1e-05 0.99996 1e-05 1e-05 1e-05
QUE002384_mac mac 0.99996 1e-05 1e-05 1e-05 1e-05
QUE002385_alb alb 0.488003 0.511967 1e-05 1e-05 1e-05
QUE002392_alb alb 1e-05 0.99996 1e-05 1e-05 1e-05
QUE002393_mac mac 0.987567 1e-05 1e-05 1e-05 0.012403
QUE002404_mac mac 0.99996 1e-05 1e-05 1e-05 1e-05
QUE002410_alb alb 0.01061 0.98936 1e-05 1e-05 1e-05
QUE002411_mac mac 0.99996 1e-05 1e-05 1e-05 1e-05
QUE002416_alb alb 1e-05 0.99996 1e-05 1e-05 1e-05
QUE002417_mac mac 0.99996 1e-05 1e-05 1e-05 1e-05
QUE002422_alb alb 1e-05 0.99996 1e-05 1e-05 1e-05
QUE002427_mac mac 0.99996 1e-05 1e-05 1e-05 1e-05
QUE002430_mac mac 0.99996 1e-05 1e-05 1e-05 1e-05
QUE002433_mac mac 0.99996 1e-05 1e-05 1e-05 1e-05
QUE002443_mac mac 0.99996 1e-05 1e-05 1e-05 1e-05
QUE002445_mac mac 0.99996 1e-05 1e-05 1e-05 1e-05
QUE002450_mac mac 0.994748 1e-05 0.005222 1e-05 1e-05
QUE002453_mac mac 0.99996 1e-05 1e-05 1e-05 1e-05
QUE002454_mac mac 0.99996 1e-05 1e-05 1e-05 1e-05
QUE002459_mac mac 0.99996 1e-05 1e-05 1e-05 1e-05
QUE002460_mac mac 0.974554 1e-05 0.025416 1e-05 1e-05
QUE002467_mac mac 0.968379 1e-05 0.031591 1e-05 1e-05
QUE002474_mac mac 0.995254 1e-05 0.004716 1e-05 1e-05
QUE002478_mac mac 0.99996 1e-05 1e-05 1e-05 1e-05
QUE002484_mue mue 1e-05 1e-05 1e-05 1e-05 0.99996
QUE002487_alb alb 0.004124 0.995846 1e-05 1e-05 1e-05
QUE002488_mue mue 1e-05 1e-05 1e-05 1e-05 0.99996
QUE002492_mac mac 0.99996 1e-05 1e-05 1e-05 1e-05
QUE002494_alb alb 1e-05 0.99996 1e-05 1e-05 1e-05
QUE002495_alb alb 1e-05 0.99996 1e-05 1e-05 1e-05
QUE002496_mac mac 0.99996 1e-05 1e-05 1e-05 1e-05
QUE002502_mac mac 0.99996 1e-05 1e-05 1e-05 1e-05
QUE002503_alb alb 1e-05 0.99996 1e-05 1e-05 1e-05
QUE002510_mac mac 0.994533 1e-05 1e-05 1e-05 0.005437
QUE002511_alb alb 1e-05 0.99996 1e-05 1e-05 1e-05
QUE002515_mac mac 0.99996 1e-05 1e-05 1e-05 1e-05
QUE002518_mac mac 0.99996 1e-05 1e-05 1e-05 1e-05
QUE002520_mac mac 0.991962 1e-05 1e-05 1e-05 0.008008
QUE002521_mac mac 0.99996 1e-05 1e-05 1e-05 1e-05
QUE002522_alb alb 1e-05 0.99996 1e-05 1e-05 1e-05
QUE002529_bic bic 1e-05 1e-05 0.99996 1e-05 1e-05
QUE002531_bic bic 1e-05 1e-05 0.99996 1e-05 1e-05
QUE002533_mac mac 0.99996 1e-05 1e-05 1e-05 1e-05
QUE002534_alb alb 1e-05 0.99996 1e-05 1e-05 1e-05
QUE002542_mac mac 0.99996 1e-05 1e-05 1e-05 1e-05
QUE002544_alb alb 1e-05 0.99996 1e-05 1e-05 1e-05
QUE002555_alb alb 1e-05 0.99996 1e-05 1e-05 1e-05
QUE002556_bic bic 1e-05 1e-05 0.99996 1e-05 1e-05
QUE002558_mac mac 0.99996 1e-05 1e-05 1e-05 1e-05
QUE002559_mac mac 0.996335 1e-05 1e-05 1e-05 0.003635
QUE002560_mac mac 0.99996 1e-05 1e-05 1e-05 1e-05
QUE002564_mac mac 0.99354 1e-05 1e-05 1e-05 0.00643
QUE002581_mac mac 0.945138 0.006182 1e-05 0.007517 0.041152
QUE002570_mac mac 0.99996 1e-05 1e-05 1e-05 1e-05
QUE001632_mac mac 0.992272 1e-05 0.007698 1e-05 1e-05
QUE001633_mac mac 0.495353 1e-05 1e-05 0.504617 1e-05
QUE001635_mac mac 0.960261 1e-05 0.03003 1e-05 0.009689
QUE001636_mac mac 0.982178 1e-05 0.017792 1e-05 1e-05
QUE001638_mac mac 0.987502 1e-05 0.011461 1e-05 0.001017
QUE001644_mac mac 0.990435 0.009535 1e-05 1e-05 1e-05
QUE001645_mac mac 0.99996 1e-05 1e-05 1e-05 1e-05
QUE001647_mac mac 0.99996 1e-05 1e-05 1e-05 1e-05
QUE001648_mac mac 0.995466 1e-05 0.004504 1e-05 1e-05
QUE001649_mue mue 1e-05 1e-05 1e-05 1e-05 0.99996
QUE001650_mac mac 0.632034 1e-05 0.367936 1e-05 1e-05
QUE001651_mac mac 0.991229 0.008741 1e-05 1e-05 1e-05
QUE001654_alb alb 0.003992 0.995978 1e-05 1e-05 1e-05
QUE001656_mac mac 0.99996 1e-05 1e-05 1e-05 1e-05
QUE001658_mac mac 0.99996 1e-05 1e-05 1e-05 1e-05
QUE001661_mac mac 0.998436 0.001534 1e-05 1e-05 1e-05
QUE001663_ste ste 1e-05 1e-05 1e-05 0.99996 1e-05
QUE001664_mac mac 0.979599 1e-05 1e-05 1e-05 0.020371
QUE001665_mue mue 1e-05 1e-05 1e-05 1e-05 0.99996
QUE001667_mac mac 0.975814 0.024156 1e-05 1e-05 1e-05
QUE001668_mac mac 0.99996 1e-05 1e-05 1e-05 1e-05
QUE001676_mac mac 0.99996 1e-05 1e-05 1e-05 1e-05
QUE001677_mac mac 0.99996 1e-05 1e-05 1e-05 1e-05
QUE001678_mac mac 0.99996 1e-05 1e-05 1e-05 1e-05
QUE001679_mac mac 0.992774 1e-05 1e-05 1e-05 0.007196
QUE001684_mac mac 0.99996 1e-05 1e-05 1e-05 1e-05
QUE001686_mac mac 0.99996 1e-05 1e-05 1e-05 1e-05
QUE001687_mac mac 0.954249 0.01247 0.0285 1e-05 0.004772
QUE001690_mac mac 0.99996 1e-05 1e-05 1e-05 1e-05
QUE001691_mac mac 0.987933 1e-05 0.012037 1e-05 1e-05
QUE001697_mac mac 0.99996 1e-05 1e-05 1e-05 1e-05
QUE001700_mac mac 0.997231 0.002739 1e-05 1e-05 1e-05
QUE001705_mac mac 0.985077 0.011277 0.003625 1e-05 1e-05
QUE001706_mac mac 0.99996 1e-05 1e-05 1e-05 1e-05
QUE001713_mac mac 0.99996 1e-05 1e-05 1e-05 1e-05
QUE001716_mac mac 0.989236 1e-05 0.010734 1e-05 1e-05
QUE001719_mac mac 0.986169 1e-05 1e-05 0.00538 0.008431
QUE001721_mac mac 0.99996 1e-05 1e-05 1e-05 1e-05
QUE001723_mac mac 0.996313 1e-05 0.003657 1e-05 1e-05
QUE001724_mac mac 0.992602 1e-05 0.002022 1e-05 0.005356
QUE001652_mac mac 0.993178 1e-05 0.006792 1e-05 1e-05
QUE001655_mac mac 0.991753 1e-05 0.008217 1e-05 1e-05
QUE001670_mac mac 0.99996 1e-05 1e-05 1e-05 1e-05
QUE001673_mac mac 0.99996 1e-05 1e-05 1e-05 1e-05
QUE001680_mac mac 0.968446 1e-05 0.026713 1e-05 0.004822
QUE001682_mac mac 0.99996 1e-05 1e-05 1e-05 1e-05
