UponCompletionOf_600000_sweeps
LocNumber LocName AlleleNumber AlleleName FreqInPop0 FreqInPop1 SDInPop0 SDinPop1
0	044904:2132766	0	2	0.965136	0.527044	0.027632	0.080895
0	044904:2132766	1	1	0.034864	0.472956	0.027632	0.080895
1	044904:2990987	0	2	0.662676	0.957191	0.071290	0.033733
1	044904:2990987	1	1	0.337324	0.042809	0.071290	0.033733
2	044904:7498606	0	2	0.616344	0.987204	0.073317	0.017745
2	044904:7498606	1	1	0.383656	0.012796	0.073317	0.017745
3	044904:7507575	0	2	0.755824	0.987194	0.064757	0.017787
3	044904:7507575	1	1	0.244176	0.012806	0.064757	0.017787
4	044904:7509039	0	2	0.523330	0.987211	0.075260	0.017756
4	044904:7509039	1	1	0.476670	0.012789	0.075260	0.017756
5	044904:7989615	0	2	0.695093	0.983886	0.071039	0.022248
5	044904:7989615	1	1	0.304907	0.016114	0.071039	0.022248
6	044904:9750214	0	2	0.988405	0.089668	0.016095	0.045149
6	044904:9750214	1	1	0.011595	0.910332	0.016095	0.045149
7	044904:10277785	0	2	0.662783	0.959464	0.071295	0.031976
7	044904:10277785	1	1	0.337217	0.040536	0.071295	0.031976
8	044904:10277950	0	2	0.988389	0.772795	0.016131	0.071917
8	044904:10277950	1	1	0.011611	0.227205	0.016131	0.071917
9	044904:15904918	0	2	0.988343	0.526869	0.016176	0.081019
9	044904:15904918	1	1	0.011657	0.473131	0.016176	0.081019
10	044904:16941612	0	2	0.988363	0.527094	0.016172	0.081059
10	044904:16941612	1	1	0.011637	0.472906	0.016172	0.081059
11	044904:23611984	0	1	0.269216	0.013479	0.070112	0.018637
11	044904:23611984	1	2	0.730784	0.986521	0.070112	0.018637
12	044904:23612026	0	1	0.283831	0.012812	0.073020	0.017762
12	044904:23612026	1	2	0.716169	0.987188	0.073020	0.017762
13	044904:23614460	0	2	0.988391	0.689103	0.016176	0.075102
13	044904:23614460	1	1	0.011609	0.310897	0.016176	0.075102
14	044904:24421474	0	2	0.988332	0.807740	0.016241	0.062334
14	044904:24421474	1	1	0.011668	0.192260	0.016241	0.062334
15	044904:24908537	0	2	0.988352	0.662120	0.016199	0.076697
15	044904:24908537	1	1	0.011648	0.337880	0.016199	0.076697
16	044904:24914349	0	2	0.988364	0.716114	0.016186	0.073097
16	044904:24914349	1	1	0.011636	0.283886	0.016186	0.073097
17	044904:24919679	0	2	0.987785	0.705170	0.016967	0.072100
17	044904:24919679	1	1	0.012215	0.294830	0.016967	0.072100
18	044904:26239407	0	2	0.988359	0.580921	0.016171	0.080171
18	044904:26239407	1	1	0.011641	0.419079	0.016171	0.080171
19	044904:26247704	0	2	0.756524	0.982797	0.067787	0.023714
19	044904:26247704	1	1	0.243476	0.017203	0.067787	0.023714
20	044904:26815170	0	2	0.689294	0.983893	0.075155	0.022196
20	044904:26815170	1	1	0.310706	0.016107	0.075155	0.022196
21	044904:26816103	0	2	0.730893	0.985724	0.070050	0.019761
21	044904:26816103	1	1	0.269107	0.014276	0.070050	0.019761
22	044904:26816319	0	2	0.987194	0.585794	0.017737	0.082079
22	044904:26816319	1	1	0.012806	0.414206	0.017737	0.082079
23	044904:30424266	0	2	0.987188	0.397505	0.017814	0.077315
23	044904:30424266	1	1	0.012812	0.602495	0.017814	0.077315
24	044904:30424587	0	2	0.987203	0.642838	0.017782	0.079877
24	044904:30424587	1	1	0.012797	0.357162	0.017782	0.079877
25	044904:30425291	0	1	0.548792	0.012800	0.076753	0.017733
25	044904:30425291	1	2	0.451208	0.987200	0.076753	0.017733
26	044904:38933330	0	2	0.267564	0.878379	0.066770	0.053000
26	044904:38933330	1	1	0.732436	0.121621	0.066770	0.053000
27	044904:39613407	0	2	0.639489	0.986440	0.072378	0.018785
27	044904:39613407	1	1	0.360511	0.013560	0.072378	0.018785
28	044904:40140502	0	2	0.642738	0.987218	0.079946	0.017750
28	044904:40140502	1	1	0.357262	0.012782	0.079946	0.017750
29	044904:45243484	0	2	0.965090	0.012785	0.027686	0.017761
29	044904:45243484	1	1	0.034910	0.987215	0.027686	0.017761
30	044904:48659631	0	1	0.430302	0.012792	0.074745	0.017698
30	044904:48659631	1	2	0.569698	0.987208	0.074745	0.017698
31	044905:10939915	0	1	0.426778	0.012845	0.076282	0.017820
31	044905:10939915	1	2	0.573222	0.987155	0.076282	0.017820
32	044905:10940483	0	1	0.430207	0.016134	0.074537	0.022237
32	044905:10940483	1	2	0.569793	0.983866	0.074537	0.022237
33	044905:11135944	0	1	0.499819	0.089738	0.075296	0.045229
33	044905:11135944	1	2	0.500181	0.910262	0.075296	0.045229
34	044905:11136570	0	1	0.524469	0.016115	0.077058	0.022246
34	044905:11136570	1	2	0.475531	0.983885	0.077058	0.022246
35	044905:11139811	0	1	0.524333	0.015178	0.077052	0.020987
35	044905:11139811	1	2	0.475667	0.984822	0.077052	0.020987
36	044905:11140387	0	1	0.524346	0.014278	0.077021	0.019742
36	044905:11140387	1	2	0.475654	0.985722	0.077021	0.019742
37	044905:11141443	0	1	0.475591	0.014259	0.077121	0.019709
37	044905:11141443	1	2	0.524409	0.985741	0.077121	0.019709
38	044905:14350092	0	2	0.709280	0.987135	0.068465	0.017877
38	044905:14350092	1	1	0.290720	0.012865	0.068465	0.017877
39	044905:16124776	0	2	0.988397	0.371653	0.016102	0.076427
39	044905:16124776	1	1	0.011603	0.628347	0.016102	0.076427
40	044905:16450125	0	2	0.662986	0.986463	0.071106	0.018779
40	044905:16450125	1	1	0.337014	0.013537	0.071106	0.018779
41	044905:16456015	0	2	0.662813	0.987154	0.071178	0.017855
41	044905:16456015	1	1	0.337187	0.012846	0.071178	0.017855
42	044905:16461322	0	2	0.662860	0.985663	0.071252	0.019905
42	044905:16461322	1	1	0.337140	0.014337	0.071252	0.019905
43	044905:16694658	0	2	0.987142	0.681751	0.017830	0.079872
43	044905:16694658	1	1	0.012858	0.318249	0.017830	0.079872
44	044905:17096378	0	2	0.987821	0.662196	0.016860	0.076720
44	044905:17096378	1	1	0.012179	0.337804	0.016860	0.076720
45	044905:17096949	0	2	0.988374	0.608228	0.016169	0.079165
45	044905:17096949	1	1	0.011626	0.391772	0.016169	0.079165
46	044905:17097509	0	2	0.988344	0.596875	0.016252	0.086786
46	044905:17097509	1	1	0.011656	0.403125	0.016252	0.086786
47	044905:18898730	0	2	0.768360	0.227193	0.065049	0.071842
47	044905:18898730	1	1	0.231640	0.772807	0.065049	0.071842
48	044905:18903708	0	1	0.597562	0.012822	0.075593	0.017778
48	044905:18903708	1	2	0.402438	0.987178	0.075593	0.017778
49	044905:18905801	0	1	0.755718	0.141078	0.064804	0.055144
49	044905:18905801	1	2	0.244282	0.858922	0.064804	0.055144
50	044905:21262157	0	2	0.985682	0.705075	0.019785	0.072066
50	044905:21262157	1	1	0.014318	0.294925	0.019785	0.072066
51	044905:26124505	0	2	0.988354	0.689289	0.016179	0.075040
51	044905:26124505	1	1	0.011646	0.310711	0.016179	0.075040
52	044905:28087426	0	1	0.448714	0.012834	0.078579	0.017851
52	044905:28087426	1	2	0.551286	0.987166	0.078579	0.017851
53	044905:36071471	0	2	0.988405	0.038447	0.016071	0.030457
53	044905:36071471	1	1	0.011595	0.961553	0.016071	0.030457
54	044905:51532312	0	1	0.500027	0.014312	0.075377	0.019803
54	044905:51532312	1	2	0.499973	0.985688	0.075377	0.019803
55	044905:51532802	0	1	0.406911	0.012853	0.074022	0.017801
55	044905:51532802	1	2	0.593089	0.987147	0.074022	0.017801
56	044905:61717105	0	2	0.965070	0.371986	0.027741	0.076427
56	044905:61717105	1	1	0.034930	0.628014	0.027741	0.076427
57	044905:62837335	0	2	0.988356	0.716105	0.016193	0.073202
57	044905:62837335	1	1	0.011644	0.283895	0.016193	0.073202
58	044905:63917653	0	1	0.453515	0.012829	0.075038	0.017810
58	044905:63917653	1	2	0.546485	0.987171	0.075038	0.017810
59	044905:63917933	0	1	0.453344	0.013517	0.075077	0.018699
59	044905:63917933	1	2	0.546656	0.986483	0.075077	0.018699
60	044905:64789942	0	1	0.500026	0.012828	0.079055	0.017770
60	044905:64789942	1	2	0.499974	0.987172	0.079055	0.017770
61	044905:64795233	0	1	0.451231	0.013490	0.076786	0.018676
61	044905:64795233	1	2	0.548769	0.986510	0.076786	0.018676
62	044905:67846618	0	2	0.987755	0.576872	0.017005	0.132087
62	044905:67846618	1	1	0.012245	0.423128	0.017005	0.132087
63	044905:67846665	0	2	0.987206	0.863541	0.017755	0.099251
63	044905:67846665	1	1	0.012794	0.136459	0.017755	0.099251
64	044905:67875632	0	2	0.988357	0.654011	0.016170	0.075324
64	044905:67875632	1	1	0.011643	0.345989	0.016170	0.075324
65	044905:68113578	0	2	0.986479	0.576925	0.018710	0.078163
65	044905:68113578	1	1	0.013521	0.423075	0.018710	0.078163
66	044905:72982918	0	1	0.476745	0.038466	0.075323	0.030422
66	044905:72982918	1	2	0.523255	0.961534	0.075323	0.030422
67	044905:73221061	0	2	0.639549	0.985728	0.072335	0.019725
67	044905:73221061	1	1	0.360451	0.014272	0.072335	0.019725
68	044905:74794449	0	2	0.988384	0.430873	0.016179	0.090343
68	044905:74794449	1	1	0.011616	0.569127	0.016179	0.090343
69	044905:84624973	0	1	0.476770	0.014280	0.075210	0.019763
69	044905:84624973	1	2	0.523230	0.985720	0.075210	0.019763
70	044905:90262194	0	1	0.409072	0.013545	0.084325	0.018786
70	044905:90262194	1	2	0.590928	0.986455	0.084325	0.018786
71	044905:97703739	0	1	0.353626	0.621318	0.073652	0.083140
71	044905:97703739	1	2	0.646374	0.378682	0.073652	0.083140
72	044906:117446	0	1	0.825580	0.094670	0.057246	0.047501
72	044906:117446	1	2	0.174420	0.905330	0.057246	0.047501
73	044906:2699035	0	2	0.474123	0.681982	0.078904	0.079792
73	044906:2699035	1	1	0.525877	0.318018	0.078904	0.079792
74	044906:2720681	0	2	0.890244	0.500075	0.048286	0.088433
74	044906:2720681	1	1	0.109756	0.499925	0.048286	0.088433
75	044906:8647140	0	1	0.451163	0.015161	0.076890	0.020921
75	044906:8647140	1	2	0.548837	0.984839	0.076890	0.020921
76	044906:9323605	0	2	0.963407	0.662115	0.028998	0.076715
76	044906:9323605	1	1	0.036593	0.337885	0.028998	0.076715
77	044906:9324089	0	2	0.941883	0.553843	0.035226	0.080644
77	044906:9324089	1	1	0.058117	0.446157	0.035226	0.080644
78	044906:14213589	0	1	0.360411	0.038455	0.072411	0.030424
78	044906:14213589	1	2	0.639589	0.961545	0.072411	0.030424
79	044906:14219598	0	1	0.407214	0.012845	0.074182	0.017828
79	044906:14219598	1	2	0.592786	0.987155	0.074182	0.017828
80	044906:18289082	0	2	0.987820	0.328661	0.016912	0.078289
80	044906:18289082	1	1	0.012180	0.671339	0.016912	0.078289
81	044906:21386614	0	2	0.430193	0.602673	0.074645	0.077268
81	044906:21386614	1	1	0.569807	0.397327	0.074645	0.077268
82	044906:25016407	0	2	0.965133	0.257566	0.027727	0.075028
82	044906:25016407	1	1	0.034867	0.742434	0.027727	0.075028
83	044906:25016428	0	1	0.451275	0.015163	0.076782	0.020952
83	044906:25016428	1	2	0.548725	0.984837	0.076782	0.020952
84	044906:25028185	0	1	0.685925	0.229632	0.070046	0.068203
84	044906:25028185	1	2	0.314075	0.770368	0.070046	0.068203
85	044906:25028405	0	1	0.662828	0.094810	0.071130	0.047493
85	044906:25028405	1	2	0.337172	0.905190	0.071130	0.047493
86	044906:35765667	0	2	0.987800	0.807777	0.016952	0.062277
86	044906:35765667	1	1	0.012200	0.192223	0.016952	0.062277
87	044906:40984567	0	1	0.442860	0.018456	0.082687	0.025388
87	044906:40984567	1	2	0.557140	0.981544	0.082687	0.025388
88	044906:43536704	0	1	0.329442	0.012797	0.072574	0.017734
88	044906:43536704	1	2	0.670558	0.987203	0.072574	0.017734
89	044906:43537558	0	1	0.383864	0.013542	0.073330	0.018802
89	044906:43537558	1	2	0.616136	0.986458	0.073330	0.018802
90	044906:52460652	0	1	0.569842	0.013525	0.074622	0.018742
90	044906:52460652	1	2	0.430158	0.986475	0.074622	0.018742
91	044906:66860154	0	2	0.988357	0.894021	0.016246	0.052767
91	044906:66860154	1	1	0.011643	0.105979	0.016246	0.052767
92	044906:67568232	0	2	0.987203	0.706829	0.017765	0.083104
92	044906:67568232	1	1	0.012797	0.293171	0.017765	0.083104
93	044906:67569771	0	1	0.709360	0.012791	0.068450	0.017751
93	044906:67569771	1	2	0.290640	0.987209	0.068450	0.017751
94	044907:50314391	0	2	0.987141	0.758257	0.017819	0.075568
94	044907:50314391	1	1	0.012859	0.241743	0.017819	0.075568
95	044907:61544929	0	2	0.290779	0.900059	0.068319	0.049933
95	044907:61544929	1	1	0.709221	0.099941	0.068319	0.049933
96	044907:69049046	0	2	0.987782	0.700026	0.016998	0.089837
96	044907:69049046	1	1	0.012218	0.299974	0.016998	0.089837
97	044907:69049496	0	2	0.965117	0.628236	0.027676	0.076446
97	044907:69049496	1	1	0.034883	0.371764	0.027676	0.076446
98	044908:9893573	0	2	0.899846	0.985697	0.075063	0.019811
98	044908:9893573	1	1	0.100154	0.014303	0.075063	0.019811
99	044908:21575918	0	2	0.593116	0.987190	0.073975	0.017762
99	044908:21575918	1	1	0.406884	0.012810	0.073975	0.017762
100	044908:21647589	0	2	0.755806	0.985718	0.064734	0.019763
100	044908:21647589	1	1	0.244194	0.014282	0.064734	0.019763
101	044908:21647741	0	2	0.755838	0.986522	0.064721	0.018664
101	044908:21647741	1	1	0.244162	0.013478	0.064721	0.018664
102	044908:21648052	0	2	0.732426	0.987176	0.066886	0.017786
102	044908:21648052	1	1	0.267574	0.012824	0.066886	0.017786
103	044908:26803012	0	2	0.987829	0.852821	0.016892	0.083418
103	044908:26803012	1	1	0.012171	0.147179	0.016892	0.083418
104	044908:27043210	0	2	0.965177	0.013599	0.027630	0.018838
104	044908:27043210	1	1	0.034823	0.986401	0.027630	0.018838
105	044908:32250003	0	1	0.569848	0.141092	0.074632	0.055058
105	044908:32250003	1	2	0.430152	0.858908	0.074632	0.055058
106	044908:39401756	0	2	0.965167	0.554014	0.027671	0.080555
106	044908:39401756	1	1	0.034833	0.445986	0.027671	0.080555
107	044908:40414741	0	1	0.430275	0.014266	0.074661	0.019765
107	044908:40414741	1	2	0.569725	0.985734	0.074661	0.019765
108	044908:43887999	0	2	0.987179	0.023805	0.017797	0.032482
108	044908:43887999	1	1	0.012821	0.976195	0.017797	0.032482
109	044908:67511387	0	2	0.941879	0.474350	0.035288	0.079048
109	044908:67511387	1	1	0.058121	0.525650	0.035288	0.079048
110	044908:73083458	0	1	0.653818	0.184270	0.075166	0.086716
110	044908:73083458	1	2	0.346182	0.815730	0.075166	0.086716
111	044908:84386067	0	2	0.939072	0.782042	0.037016	0.065312
111	044908:84386067	1	1	0.060928	0.217958	0.037016	0.065312
112	044908:84781839	0	2	0.983840	0.852739	0.022350	0.083420
112	044908:84781839	1	1	0.016160	0.147261	0.022350	0.083420
113	044908:84781918	0	2	0.712218	0.730967	0.077714	0.118544
113	044908:84781918	1	1	0.287782	0.269033	0.077714	0.118544
114	044909:2848819	0	2	0.986484	0.500216	0.018755	0.083223
114	044909:2848819	1	1	0.013516	0.499784	0.018755	0.083223
115	044909:3208951	0	2	0.987777	0.537087	0.016986	0.094163
115	044909:3208951	1	1	0.012223	0.462913	0.016986	0.094163
116	044909:5876265	0	1	0.337016	0.012836	0.071195	0.017788
116	044909:5876265	1	2	0.662984	0.987164	0.071195	0.017788
117	044909:6067111	0	1	0.523204	0.094595	0.075254	0.047517
117	044909:6067111	1	2	0.476796	0.905405	0.075254	0.047517
118	044909:11802722	0	2	0.988367	0.716201	0.016216	0.073124
118	044909:11802722	1	1	0.011633	0.283799	0.016216	0.073124
119	044909:14378548	0	2	0.987164	0.602519	0.017809	0.077227
119	044909:14378548	1	1	0.012836	0.397481	0.017809	0.077227
120	044909:14383092	0	2	0.984837	0.614305	0.021003	0.081111
120	044909:14383092	1	1	0.015163	0.385695	0.021003	0.081111
121	044909:21790755	0	1	0.719260	0.128555	0.069262	0.055806
121	044909:21790755	1	2	0.280740	0.871445	0.069262	0.055806
122	044909:31245149	0	1	0.523184	0.014284	0.075416	0.019762
122	044909:31245149	1	2	0.476816	0.985716	0.075416	0.019762
123	044909:32401797	0	2	0.709229	0.983852	0.068559	0.022246
123	044909:32401797	1	1	0.290771	0.016148	0.068559	0.022246
124	044909:32537583	0	2	0.763234	0.987167	0.095054	0.017761
124	044909:32537583	1	1	0.236766	0.012833	0.095054	0.017761
125	044909:33216000	0	2	0.988375	0.257734	0.016144	0.074950
125	044909:33216000	1	1	0.011625	0.742266	0.016144	0.074950
126	044909:33704162	0	2	0.987196	0.580914	0.017815	0.079991
126	044909:33704162	1	1	0.012804	0.419086	0.017815	0.079991
127	044909:35302042	0	2	0.987782	0.730638	0.016984	0.070073
127	044909:35302042	1	1	0.012218	0.269362	0.016984	0.070073
128	044909:35737679	0	2	0.500006	0.986449	0.075388	0.018761
128	044909:35737679	1	1	0.499994	0.013551	0.075388	0.018761
129	044909:51744106	0	2	0.987208	0.651652	0.017726	0.081677
129	044909:51744106	1	1	0.012792	0.348348	0.017726	0.081677
130	044909:52087870	0	2	0.988376	0.679358	0.016159	0.073733
130	044909:52087870	1	1	0.011624	0.320642	0.016159	0.073733
131	044910:3732513	0	2	0.807625	0.385714	0.062355	0.081186
131	044910:3732513	1	1	0.192375	0.614286	0.062355	0.081186
132	044910:17835330	0	2	0.988377	0.337842	0.016148	0.076775
132	044910:17835330	1	1	0.011623	0.662158	0.016148	0.076775
133	044910:26735728	0	2	0.988411	0.465483	0.016132	0.091011
133	044910:26735728	1	1	0.011589	0.534517	0.016132	0.091011
134	044910:31541788	0	2	0.987820	0.833368	0.016902	0.093274
134	044910:31541788	1	1	0.012180	0.166632	0.016902	0.093274
135	044910:31542094	0	2	0.986468	0.500111	0.018745	0.158016
135	044910:31542094	1	1	0.013532	0.499889	0.018745	0.158016
136	044910:32736247	0	2	0.987184	0.534340	0.017804	0.091105
136	044910:32736247	1	1	0.012816	0.465660	0.017804	0.091105
137	044910:37425352	0	2	0.987825	0.551175	0.016905	0.078590
137	044910:37425352	1	1	0.012175	0.448825	0.016905	0.078590
138	044910:38157512	0	2	0.988393	0.175658	0.016145	0.061827
138	044910:38157512	1	1	0.011607	0.824342	0.016145	0.061827
139	044910:38160332	0	2	0.988357	0.016168	0.016152	0.022317
139	044910:38160332	1	1	0.011643	0.983832	0.016152	0.022317
140	044911:1534195	0	2	0.988393	0.773030	0.016126	0.071726
140	044911:1534195	1	1	0.011607	0.226970	0.016126	0.071726
141	044911:1535580	0	2	0.918585	0.397457	0.041211	0.077459
141	044911:1535580	1	1	0.081415	0.602543	0.041211	0.077459
142	044911:11839268	0	2	0.988385	0.364799	0.016129	0.078075
142	044911:11839268	1	1	0.011615	0.635201	0.016129	0.078075
143	044911:20495862	0	2	0.848714	0.175617	0.054027	0.061659
143	044911:20495862	1	1	0.151286	0.824383	0.054027	0.061659
144	044911:20502370	0	2	0.283659	0.814258	0.073068	0.064741
144	044911:20502370	1	1	0.716341	0.185742	0.073068	0.064741
145	044911:28866270	0	1	0.616323	0.019960	0.073268	0.027352
145	044911:28866270	1	2	0.383677	0.980040	0.073268	0.027352
146	044911:32144883	0	2	0.755845	0.987195	0.064698	0.017795
146	044911:32144883	1	1	0.244155	0.012805	0.064698	0.017795
147	044911:33119418	0	2	0.988395	0.780152	0.016106	0.081233
147	044911:33119418	1	1	0.011605	0.219848	0.016106	0.081233
148	044911:52647983	0	2	0.986461	0.756401	0.018769	0.067863
148	044911:52647983	1	1	0.013539	0.243599	0.018769	0.067863
149	044911:62597868	0	1	0.743211	0.016183	0.070875	0.022368
149	044911:62597868	1	2	0.256789	0.983817	0.070875	0.022368
150	044912:17536309	0	2	0.985683	0.581014	0.019804	0.079986
150	044912:17536309	1	1	0.014317	0.418986	0.019804	0.079986
151	044912:19060462	0	2	0.719511	0.986453	0.069285	0.018767
151	044912:19060462	1	1	0.280489	0.013547	0.069285	0.018767
152	044912:23438326	0	2	0.662764	0.985749	0.071294	0.019746
152	044912:23438326	1	1	0.337236	0.014251	0.071294	0.019746
153	044912:33294083	0	1	0.944336	0.364819	0.072504	0.078155
153	044912:33294083	1	2	0.055664	0.635181	0.072504	0.078155
154	044912:33778259	0	1	0.407028	0.013536	0.074036	0.018790
154	044912:33778259	1	2	0.592972	0.986464	0.074036	0.018790
155	044913:23465758	0	2	0.988390	0.833529	0.016123	0.063936
155	044913:23465758	1	1	0.011610	0.166471	0.016123	0.063936
156	044913:23466225	0	2	0.988374	0.445807	0.016160	0.080601
156	044913:23466225	1	1	0.011626	0.554193	0.016160	0.080601
157	044913:23466358	0	2	0.988355	0.614500	0.016181	0.081133
157	044913:23466358	1	1	0.011645	0.385500	0.016181	0.081133
158	044913:25468080	0	2	0.987807	0.705118	0.016939	0.072066
158	044913:25468080	1	1	0.012193	0.294882	0.016939	0.072066
159	044913:25517488	0	1	0.426809	0.017235	0.076332	0.023768
159	044913:25517488	1	2	0.573191	0.982765	0.076332	0.023768
160	044913:25517631	0	2	0.988392	0.551245	0.016154	0.078723
160	044913:25517631	1	1	0.011608	0.448755	0.016154	0.078723
161	044913:25524086	0	2	0.987174	0.635102	0.017812	0.078035
161	044913:25524086	1	1	0.012826	0.364898	0.017812	0.078035
162	044913:25524308	0	2	0.965146	0.662204	0.027655	0.076784
162	044913:25524308	1	1	0.034854	0.337796	0.027655	0.076784
163	044913:38437209	0	2	0.679524	0.987187	0.073725	0.017772
163	044913:38437209	1	1	0.320476	0.012813	0.073725	0.017772
164	044913:43085200	0	2	0.981542	0.699816	0.025363	0.089922
164	044913:43085200	1	1	0.018458	0.300184	0.025363	0.089922
165	044913:50914864	0	2	0.965073	0.526944	0.027727	0.081106
165	044913:50914864	1	1	0.034927	0.473056	0.027727	0.081106
166	044914:5707992	0	2	0.651441	0.961500	0.081615	0.030411
166	044914:5707992	1	1	0.348559	0.038500	0.081615	0.030411
167	044914:34238934	0	2	0.987846	0.528622	0.016909	0.083266
167	044914:34238934	1	1	0.012154	0.471378	0.016909	0.083266
168	044914:42257028	0	2	0.569891	0.982784	0.074673	0.023754
168	044914:42257028	1	1	0.430109	0.017216	0.074673	0.023754
169	044914:42314400	0	2	0.987201	0.611230	0.017718	0.092153
169	044914:42314400	1	1	0.012799	0.388770	0.017718	0.092153
170	044914:42314593	0	2	0.957182	0.854695	0.033695	0.062300
170	044914:42314593	1	1	0.042818	0.145305	0.033695	0.062300
171	044914:42318390	0	1	0.499962	0.040513	0.075236	0.031978
171	044914:42318390	1	2	0.500038	0.959487	0.075236	0.031978
172	044914:53294212	0	2	0.616293	0.986499	0.073323	0.018743
172	044914:53294212	1	1	0.383707	0.013501	0.073323	0.018743
173	044914:54805750	0	1	0.447476	0.013513	0.111123	0.018721
173	044914:54805750	1	2	0.552524	0.986487	0.111123	0.018721
174	044915:1083547	0	1	0.546445	0.015164	0.074974	0.020976
174	044915:1083547	1	2	0.453555	0.984836	0.074974	0.020976
175	044915:4426623	0	1	0.304971	0.016141	0.071157	0.022272
175	044915:4426623	1	2	0.695029	0.983859	0.071157	0.022272
176	044915:6174032	0	2	0.985706	0.499875	0.019816	0.079114
176	044915:6174032	1	1	0.014294	0.500125	0.019816	0.079114
177	044915:7705099	0	2	0.792806	0.928594	0.062490	0.042951
177	044915:7705099	1	1	0.207194	0.071406	0.062490	0.042951
178	044915:7712971	0	2	0.987174	0.822418	0.017816	0.067555
178	044915:7712971	1	1	0.012826	0.177582	0.017816	0.067555
179	044915:7712978	0	2	0.987178	0.274133	0.017783	0.078940
179	044915:7712978	1	1	0.012822	0.725867	0.017783	0.078940
180	044915:11236713	0	2	0.988353	0.243603	0.016165	0.067957
180	044915:11236713	1	1	0.011647	0.756397	0.016165	0.067957
181	044915:11356294	0	2	0.524430	0.985688	0.077113	0.019814
181	044915:11356294	1	1	0.475570	0.014312	0.077113	0.019814
182	044915:11358958	0	1	0.391775	0.013526	0.079179	0.018743
182	044915:11358958	1	2	0.608225	0.986474	0.079179	0.018743
183	044915:14160656	0	1	0.243784	0.016169	0.067919	0.022332
183	044915:14160656	1	2	0.756216	0.983831	0.067919	0.022332
184	044915:14160674	0	2	0.986491	0.759206	0.018730	0.080835
184	044915:14160674	1	1	0.013509	0.240794	0.018730	0.080835
185	044915:19781593	0	2	0.988390	0.012837	0.016133	0.017823
185	044915:19781593	1	1	0.011610	0.987163	0.016133	0.017823
186	044915:19784831	0	2	0.988369	0.055532	0.016154	0.043297
186	044915:19784831	1	1	0.011631	0.944468	0.016154	0.043297
187	044915:24918350	0	2	0.987812	0.608064	0.016933	0.079165
187	044915:24918350	1	1	0.012188	0.391936	0.016933	0.079165
188	044915:27323111	0	2	0.941987	0.564500	0.035223	0.087612
188	044915:27323111	1	1	0.058013	0.435500	0.035223	0.087612
189	044915:27947169	0	2	0.551071	0.985690	0.078781	0.019823
189	044915:27947169	1	1	0.448929	0.014310	0.078781	0.019823
190	044915:27947928	0	2	0.988354	0.712262	0.016157	0.077495
190	044915:27947928	1	1	0.011646	0.287738	0.016157	0.077495
191	044915:31308998	0	2	0.988345	0.730803	0.016182	0.070170
191	044915:31308998	1	1	0.011655	0.269197	0.016182	0.070170
192	044915:32422127	0	2	0.802426	0.987171	0.059988	0.017824
192	044915:32422127	1	1	0.197574	0.012829	0.059988	0.017824
193	044915:32549941	0	2	0.988374	0.185648	0.016172	0.064754
193	044915:32549941	1	1	0.011626	0.814352	0.016172	0.064754
194	044915:33918678	0	1	0.476717	0.064029	0.075275	0.038698
194	044915:33918678	1	2	0.523283	0.935971	0.075275	0.038698
195	044915:37914955	0	2	0.639528	0.984872	0.072438	0.020841
195	044915:37914955	1	1	0.360472	0.015128	0.072438	0.020841
196	044915:40187985	0	2	0.988392	0.689273	0.016123	0.075112
196	044915:40187985	1	1	0.011608	0.310727	0.016123	0.075112
197	044915:40545848	0	2	0.987831	0.439376	0.016886	0.085062
197	044915:40545848	1	1	0.012169	0.560624	0.016886	0.085062
198	044915:41232552	0	1	0.569738	0.064027	0.074686	0.038667
198	044915:41232552	1	2	0.430262	0.935973	0.074686	0.038667
199	022155009:15190	0	2	0.984796	0.608114	0.021057	0.079140
199	022155009:15190	1	1	0.015204	0.391886	0.021057	0.079140
