UponCompletionOf_600000_sweeps
LocNumber LocName AlleleNumber AlleleName FreqInPop0 FreqInPop1 SDInPop0 SDinPop1
0	044904:2132049	0	2	0.971693	0.719559	0.022585	0.069251
0	044904:2132049	1	1	0.028307	0.280441	0.022585	0.069251
1	044904:2135206	0	2	0.990888	0.011613	0.012690	0.016124
1	044904:2135206	1	1	0.009112	0.988387	0.012690	0.016124
2	044904:7508548	0	2	0.989797	0.616266	0.014194	0.073299
2	044904:7508548	1	1	0.010203	0.383734	0.014194	0.073299
3	044904:10430394	0	2	0.681721	0.965445	0.062267	0.027634
3	044904:10430394	1	1	0.318279	0.034555	0.062267	0.027634
4	044904:15904781	0	2	0.726456	0.988335	0.060636	0.016192
4	044904:15904781	1	1	0.273544	0.011665	0.060636	0.016192
5	044904:15927369	0	1	0.827310	0.036557	0.050497	0.028962
5	044904:15927369	1	2	0.172690	0.963443	0.050497	0.028962
6	044904:18007367	0	1	0.294922	0.011612	0.072195	0.016159
6	044904:18007367	1	2	0.705078	0.988388	0.072195	0.016159
7	044904:18007789	0	2	0.990194	0.671565	0.013729	0.078298
7	044904:18007789	1	1	0.009806	0.328435	0.013729	0.078298
8	044904:18008627	0	2	0.971718	0.825518	0.022582	0.057250
8	044904:18008627	1	1	0.028282	0.174482	0.022582	0.057250
9	044904:21964637	0	2	0.716302	0.988374	0.073053	0.016145
9	044904:21964637	1	1	0.283698	0.011626	0.073053	0.016145
10	044904:22264014	0	2	0.971692	0.546534	0.022590	0.075058
10	044904:22264014	1	1	0.028308	0.453466	0.022590	0.075058
11	044904:22266083	0	2	0.990883	0.546585	0.012701	0.075149
11	044904:22266083	1	1	0.009117	0.453415	0.012701	0.075149
12	044904:23611984	0	2	0.989376	0.730610	0.014812	0.070211
12	044904:23611984	1	1	0.010624	0.269390	0.014812	0.070211
13	044904:23615266	0	2	0.990562	0.686089	0.013165	0.070040
13	044904:23615266	1	1	0.009438	0.313911	0.013165	0.070040
14	044904:24762912	0	2	0.990188	0.814285	0.013704	0.064829
14	044904:24762912	1	1	0.009812	0.185715	0.013704	0.064829
15	044904:26248273	0	2	0.990882	0.755908	0.012728	0.064701
15	044904:26248273	1	1	0.009118	0.244092	0.012728	0.064701
16	044904:26817294	0	1	0.320554	0.011640	0.073854	0.016194
16	044904:26817294	1	2	0.679446	0.988360	0.073854	0.016194
17	044904:30426910	0	2	0.591018	0.988346	0.065685	0.016208
17	044904:30426910	1	1	0.408982	0.011654	0.065685	0.016208
18	044904:38933278	0	2	0.970643	0.639235	0.023367	0.072461
18	044904:38933278	1	1	0.029357	0.360765	0.023367	0.072461
19	044904:38933291	0	2	0.597858	0.988389	0.068030	0.016151
19	044904:38933291	1	1	0.402142	0.011611	0.068030	0.016151
20	044905:370118	0	1	0.499970	0.012221	0.066842	0.016909
20	044905:370118	1	2	0.500030	0.987779	0.066842	0.016909
21	044905:1445979	0	2	0.990921	0.709231	0.012668	0.068389
21	044905:1445979	1	1	0.009079	0.290769	0.012668	0.068389
22	044905:1446702	0	2	0.989793	0.616125	0.014219	0.073357
22	044905:1446702	1	1	0.010207	0.383875	0.014219	0.073357
23	044905:5460242	0	2	0.989779	0.337230	0.014216	0.071209
23	044905:5460242	1	1	0.010221	0.662770	0.014216	0.071209
24	044905:10937553	0	1	0.500003	0.012839	0.072301	0.017849
24	044905:10937553	1	2	0.499997	0.987161	0.072301	0.017849
25	044905:11139717	0	1	0.772847	0.011626	0.121012	0.016146
25	044905:11139717	1	2	0.227153	0.988374	0.121012	0.016146
26	044905:11977750	0	1	0.386738	0.011586	0.066246	0.016090
26	044905:11977750	1	2	0.613262	0.988414	0.066246	0.016090
27	044905:14420541	0	1	0.372754	0.011609	0.064654	0.016116
27	044905:14420541	1	2	0.627246	0.988391	0.064654	0.016116
28	044905:15340460	0	2	0.984830	0.499867	0.021010	0.079119
28	044905:15340460	1	1	0.015170	0.500133	0.021010	0.079119
29	044905:16447009	0	2	0.990588	0.383538	0.013117	0.073319
29	044905:16447009	1	1	0.009412	0.616462	0.013117	0.073319
30	044905:16450388	0	2	0.990588	0.592964	0.013147	0.074141
30	044905:16450388	1	1	0.009412	0.407036	0.013147	0.074141
31	044905:16457369	0	2	0.990916	0.011627	0.012673	0.016171
31	044905:16457369	1	1	0.009084	0.988373	0.012673	0.016171
32	044905:16540047	0	1	0.807637	0.011594	0.062389	0.016120
32	044905:16540047	1	2	0.192363	0.988406	0.062389	0.016120
33	044905:17059896	0	1	0.329915	0.011607	0.067837	0.016098
33	044905:17059896	1	2	0.670085	0.988393	0.067837	0.016098
34	044905:18898871	0	2	0.627422	0.988333	0.064664	0.016202
34	044905:18898871	1	1	0.372578	0.011667	0.064664	0.016202
35	044905:19649993	0	1	0.362659	0.011628	0.066729	0.016150
35	044905:19649993	1	2	0.637341	0.988372	0.066729	0.016150
36	044905:19682810	0	1	0.633322	0.318021	0.071095	0.079854
36	044905:19682810	1	2	0.366678	0.681979	0.071095	0.079854
37	044905:21401032	0	1	0.281826	0.011644	0.060126	0.016154
37	044905:21401032	1	2	0.718174	0.988356	0.060126	0.016154
38	044905:26059026	0	2	0.594345	0.987809	0.066845	0.016966
38	044905:26059026	1	1	0.405655	0.012191	0.066845	0.016966
39	044905:26063320	0	2	0.990553	0.500111	0.013177	0.117992
39	044905:26063320	1	1	0.009447	0.499889	0.013177	0.117992
40	044905:51545051	0	2	0.990925	0.572929	0.012652	0.076358
40	044905:51545051	1	1	0.009075	0.427071	0.012652	0.076358
41	044905:57720966	0	1	0.271527	0.013518	0.074160	0.018714
41	044905:57720966	1	2	0.728473	0.986482	0.074160	0.018714
42	044905:57721178	0	2	0.990568	0.622043	0.013149	0.074927
42	044905:57721178	1	1	0.009432	0.377957	0.013149	0.074927
43	044905:57721894	0	2	0.931470	0.569898	0.035006	0.074594
43	044905:57721894	1	1	0.068530	0.430102	0.035006	0.074594
44	044905:61912868	0	2	0.572801	0.988365	0.066024	0.016173
44	044905:61912868	1	1	0.427199	0.011635	0.066024	0.016173
45	044905:63898893	0	2	0.990566	0.709331	0.013147	0.068477
45	044905:63898893	1	1	0.009434	0.290669	0.013147	0.068477
46	044905:63899464	0	1	0.590940	0.081444	0.065647	0.041204
46	044905:63899464	1	2	0.409060	0.918556	0.065647	0.041204
47	044905:63918001	0	2	0.990933	0.546451	0.012667	0.074960
47	044905:63918001	1	1	0.009067	0.453549	0.012667	0.074960
48	044905:64798649	0	1	0.263576	0.011628	0.058826	0.016188
48	044905:64798649	1	2	0.736424	0.988372	0.058826	0.016188
49	044905:67876304	0	2	0.351013	0.987209	0.068824	0.017725
49	044905:67876304	1	1	0.648987	0.012791	0.068824	0.017725
50	044905:68112375	0	2	0.990534	0.743763	0.013202	0.067333
50	044905:68112375	1	1	0.009466	0.256237	0.013202	0.067333
51	044905:68112663	0	1	0.427331	0.011624	0.066054	0.016132
51	044905:68112663	1	2	0.572669	0.988376	0.066054	0.016132
52	044905:68112714	0	2	0.572784	0.965080	0.066124	0.027690
52	044905:68112714	1	1	0.427216	0.034920	0.066124	0.027690
53	044905:72766743	0	2	0.989793	0.732614	0.014241	0.066641
53	044905:72766743	1	1	0.010207	0.267386	0.014241	0.066641
54	044905:74667681	0	1	0.336738	0.011606	0.066772	0.016148
54	044905:74667681	1	2	0.663262	0.988394	0.066772	0.016148
55	044905:74797508	0	1	0.572717	0.012182	0.066149	0.016937
55	044905:74797508	1	2	0.427283	0.987818	0.066149	0.016937
56	044905:89692419	0	2	0.990560	0.034808	0.013168	0.027624
56	044905:89692419	1	1	0.009440	0.965192	0.013168	0.027624
57	044905:89694175	0	2	0.990879	0.662810	0.012735	0.071215
57	044905:89694175	1	1	0.009121	0.337190	0.012735	0.071215
58	044905:90314683	0	2	0.990178	0.320485	0.013701	0.073797
58	044905:90314683	1	1	0.009822	0.679515	0.013701	0.073797
59	044905:90318225	0	1	0.336548	0.011636	0.063182	0.016175
59	044905:90318225	1	2	0.663452	0.988364	0.063182	0.016175
60	044905:93260104	0	2	0.990596	0.685910	0.013086	0.069938
60	044905:93260104	1	1	0.009404	0.314090	0.013086	0.069938
61	044905:94576919	0	2	0.990577	0.548765	0.013120	0.076834
61	044905:94576919	1	1	0.009423	0.451235	0.013120	0.076834
62	044906:13764346	0	1	0.377934	0.040454	0.074936	0.031944
62	044906:13764346	1	2	0.622066	0.959546	0.074936	0.031944
63	044906:14213656	0	2	0.988381	0.709403	0.016156	0.068441
63	044906:14213656	1	1	0.011619	0.290597	0.016156	0.068441
64	044906:18135395	0	1	0.627225	0.012206	0.064624	0.016953
64	044906:18135395	1	2	0.372775	0.987794	0.064624	0.016953
65	044906:18749539	0	2	0.765174	0.963421	0.059913	0.028937
65	044906:18749539	1	1	0.234826	0.036579	0.059913	0.028937
66	044906:40983930	0	2	0.989356	0.564228	0.014799	0.087697
66	044906:40983930	1	1	0.010644	0.435772	0.014799	0.087697
67	044906:43532103	0	2	0.881796	0.592895	0.043114	0.074107
67	044906:43532103	1	1	0.118204	0.407105	0.043114	0.074107
68	044906:54280641	0	1	0.520350	0.013509	0.070672	0.018701
68	044906:54280641	1	2	0.479650	0.986491	0.070672	0.018701
69	044906:64639085	0	2	0.683597	0.984850	0.065808	0.020998
69	044906:64639085	1	1	0.316403	0.015150	0.065808	0.020998
70	044906:67497958	0	1	0.481323	0.034451	0.067964	0.027632
70	044906:67497958	1	2	0.518677	0.965549	0.067964	0.027632
71	044907:17594227	0	2	0.989369	0.670601	0.014790	0.072469
71	044907:17594227	1	1	0.010631	0.329399	0.014790	0.072469
72	044907:47995195	0	2	0.990557	0.802319	0.013189	0.059960
72	044907:47995195	1	1	0.009443	0.197681	0.013189	0.059960
73	044907:47996633	0	1	0.656911	0.182964	0.065942	0.059768
73	044907:47996633	1	2	0.343089	0.817036	0.065942	0.059768
74	044907:50259048	0	2	0.632116	0.987809	0.065700	0.016894
74	044907:50259048	1	1	0.367884	0.012191	0.065700	0.016894
75	044907:50315184	0	1	0.662659	0.012163	0.071207	0.016872
75	044907:50315184	1	2	0.337341	0.987837	0.071207	0.016872
76	044907:64711963	0	1	0.303928	0.011596	0.063831	0.016113
76	044907:64711963	1	2	0.696072	0.988404	0.063831	0.016113
77	044907:67035985	0	2	0.637152	0.988361	0.066702	0.016176
77	044907:67035985	1	1	0.362848	0.011639	0.066702	0.016176
78	044907:67039237	0	1	0.500050	0.011603	0.069302	0.016088
78	044907:67039237	1	2	0.499950	0.988397	0.069302	0.016088
79	044907:69054009	0	2	0.988384	0.646303	0.016150	0.073779
79	044907:69054009	1	1	0.011616	0.353697	0.016150	0.073779
80	044907:81478850	0	2	0.989377	0.557224	0.014794	0.082841
80	044907:81478850	1	1	0.010623	0.442776	0.014794	0.082841
81	044907:81479249	0	2	0.972721	0.081396	0.021802	0.041259
81	044907:81479249	1	1	0.027279	0.918604	0.021802	0.041259
82	044907:82176796	0	2	0.990922	0.679454	0.012650	0.073863
82	044907:82176796	1	1	0.009078	0.320546	0.012650	0.073863
83	044907:82177170	0	1	0.216963	0.012202	0.056106	0.016953
83	044907:82177170	1	2	0.783037	0.987798	0.056106	0.016953
84	044907:92050353	0	2	0.779169	0.206080	0.062454	0.095449
84	044907:92050353	1	1	0.220831	0.793920	0.062454	0.095449
85	044908:21586348	0	1	0.198211	0.012206	0.054283	0.016954
85	044908:21586348	1	2	0.801789	0.987794	0.054283	0.016954
86	044908:24885262	0	2	0.990584	0.500051	0.013135	0.111755
86	044908:24885262	1	1	0.009416	0.499949	0.013135	0.111755
87	044908:27586925	0	2	0.985753	0.639290	0.019703	0.072407
87	044908:27586925	1	1	0.014247	0.360710	0.019703	0.072407
88	044908:27588225	0	2	0.990922	0.639415	0.012644	0.072391
88	044908:27588225	1	1	0.009078	0.360585	0.012644	0.072391
89	044908:29833332	0	2	0.984822	0.679468	0.020979	0.073645
89	044908:29833332	1	1	0.015178	0.320532	0.020979	0.073645
90	044908:39394535	0	2	0.627535	0.988354	0.069775	0.016232
90	044908:39394535	1	1	0.372465	0.011646	0.069775	0.016232
91	044908:40415659	0	2	0.990917	0.453714	0.012658	0.075077
91	044908:40415659	1	1	0.009083	0.546286	0.012658	0.075077
92	044908:40415873	0	2	0.972699	0.662598	0.021826	0.071356
92	044908:40415873	1	1	0.027301	0.337402	0.021826	0.071356
93	044908:48107371	0	1	0.663339	0.057786	0.066765	0.035326
93	044908:48107371	1	2	0.336661	0.942214	0.066765	0.035326
94	044908:55759441	0	1	0.055643	0.987797	0.033810	0.016891
94	044908:55759441	1	2	0.944357	0.012203	0.033810	0.016891
95	044908:58340179	0	2	0.985697	0.573158	0.019847	0.076379
95	044908:58340179	1	1	0.014303	0.426842	0.019847	0.076379
96	044908:58343698	0	2	0.990578	0.695180	0.013135	0.070970
96	044908:58343698	1	1	0.009422	0.304820	0.013135	0.070970
97	044908:59245738	0	2	0.990912	0.899879	0.012676	0.058869
97	044908:59245738	1	1	0.009088	0.100121	0.012676	0.058869
98	044908:67510439	0	1	0.104707	0.816975	0.046270	0.059663
98	044908:67510439	1	2	0.895293	0.183025	0.046270	0.059663
99	044908:72731193	0	1	0.330115	0.011618	0.064070	0.016157
99	044908:72731193	1	2	0.669885	0.988382	0.064070	0.016157
100	044908:73083060	0	2	0.936434	0.036137	0.032618	0.028964
100	044908:73083060	1	1	0.063566	0.963863	0.032618	0.028964
101	044908:73092131	0	2	0.954589	0.057840	0.027775	0.035315
101	044908:73092131	1	1	0.045411	0.942160	0.027775	0.035315
102	044908:73095608	0	2	0.925491	0.081081	0.037870	0.041225
102	044908:73095608	1	1	0.074509	0.918919	0.037870	0.041225
103	044908:84374004	0	2	0.969366	0.313810	0.024415	0.069997
103	044908:84374004	1	1	0.030634	0.686190	0.024415	0.069997
104	044908:84385433	0	2	0.972708	0.593101	0.021785	0.073941
104	044908:84385433	1	1	0.027292	0.406899	0.021785	0.073941
105	044908:84385483	0	2	0.954544	0.662664	0.027862	0.071344
105	044908:84385483	1	1	0.045456	0.337336	0.027862	0.071344
106	044909:2848824	0	1	0.724540	0.202752	0.063116	0.065285
106	044909:2848824	1	2	0.275460	0.797248	0.063116	0.065285
107	044909:2848994	0	2	0.892153	0.365063	0.043101	0.078133
107	044909:2848994	1	1	0.107847	0.634937	0.043101	0.078133
108	044909:2918709	0	2	0.881826	0.040530	0.043224	0.031968
108	044909:2918709	1	1	0.118174	0.959470	0.043224	0.031968
109	044909:2921138	0	2	0.732689	0.987795	0.066848	0.016976
109	044909:2921138	1	1	0.267311	0.012205	0.066848	0.016976
110	044909:5503840	0	2	0.990912	0.757124	0.012669	0.071456
110	044909:5503840	1	1	0.009088	0.242876	0.012669	0.071456
111	044909:7924630	0	2	0.669960	0.987178	0.063947	0.017798
111	044909:7924630	1	1	0.330040	0.012822	0.063947	0.017798
112	044909:10522587	0	2	0.772714	0.985728	0.055961	0.019775
112	044909:10522587	1	1	0.227286	0.014272	0.055961	0.019775
113	044909:11803782	0	2	0.990565	0.012190	0.013151	0.016957
113	044909:11803782	1	1	0.009435	0.987810	0.013151	0.016957
114	044909:31153407	0	2	0.481046	0.987842	0.067956	0.016883
114	044909:31153407	1	1	0.518954	0.012158	0.067956	0.016883
115	044909:31428880	0	2	0.971733	0.282588	0.022566	0.092008
115	044909:31428880	1	1	0.028267	0.717412	0.022566	0.092008
116	044909:32401887	0	2	0.954524	0.548623	0.027869	0.076708
116	044909:32401887	1	1	0.045476	0.451377	0.027869	0.076708
117	044909:32417264	0	1	0.337175	0.012181	0.071330	0.016909
117	044909:32417264	1	2	0.662825	0.987819	0.071330	0.016909
118	044909:32424030	0	1	0.318179	0.011644	0.062256	0.016211
118	044909:32424030	1	2	0.681821	0.988356	0.062256	0.016211
119	044909:32456249	0	2	0.987189	0.231695	0.017765	0.065131
119	044909:32456249	1	1	0.012811	0.768305	0.017765	0.065131
120	044909:32911754	0	1	0.366805	0.011630	0.120551	0.016176
120	044909:32911754	1	2	0.633195	0.988370	0.120551	0.016176
121	044909:35744285	0	2	0.990583	0.695064	0.013110	0.070962
121	044909:35744285	1	1	0.009417	0.304936	0.013110	0.070962
122	044909:35745203	0	2	0.987199	0.653933	0.017779	0.075184
122	044909:35745203	1	1	0.012801	0.346067	0.017779	0.075184
123	044909:50578755	0	2	0.681957	0.988360	0.062283	0.016141
123	044909:50578755	1	1	0.318043	0.011640	0.062283	0.016141
124	044909:52091986	0	2	0.961555	0.299964	0.030354	0.076302
124	044909:52091986	1	1	0.038445	0.700036	0.030354	0.076302
125	044909:53012731	0	1	0.227261	0.012212	0.055996	0.016964
125	044909:53012731	1	2	0.772739	0.987788	0.055996	0.016964
126	044909:53174609	0	2	0.971735	0.639522	0.022531	0.072418
126	044909:53174609	1	1	0.028265	0.360478	0.022531	0.072418
127	044910:11070528	0	2	0.944505	0.670700	0.033723	0.072615
127	044910:11070528	1	1	0.055495	0.329300	0.033723	0.072615
128	044910:31539993	0	1	0.386791	0.011609	0.066288	0.016137
128	044910:31539993	1	2	0.613209	0.988391	0.066288	0.016137
129	044910:31540583	0	2	0.911851	0.614321	0.039316	0.081152
129	044910:31540583	1	1	0.088149	0.385679	0.039316	0.081152
130	044910:31540829	0	2	0.904236	0.523175	0.042447	0.075321
130	044910:31540829	1	1	0.095764	0.476825	0.042447	0.075321
131	044910:31541594	0	2	0.990520	0.574119	0.013223	0.093420
131	044910:31541594	1	1	0.009480	0.425881	0.013223	0.093420
132	044910:33518719	0	2	0.990911	0.012187	0.012683	0.016948
132	044910:33518719	1	1	0.009089	0.987813	0.012683	0.016948
133	044910:36452667	0	1	0.460848	0.012161	0.069166	0.016917
133	044910:36452667	1	2	0.539152	0.987839	0.069166	0.016917
134	044910:36742569	0	2	0.609079	0.988369	0.065166	0.016154
134	044910:36742569	1	1	0.390921	0.011631	0.065166	0.016154
135	044910:38066523	0	2	0.990204	0.585742	0.013657	0.082218
135	044910:38066523	1	1	0.009796	0.414258	0.013657	0.082218
136	044910:38077476	0	2	0.988348	0.602559	0.016199	0.077308
136	044910:38077476	1	1	0.011652	0.397441	0.016199	0.077308
137	044910:38146511	0	2	0.633326	0.988369	0.071070	0.016153
137	044910:38146511	1	1	0.366674	0.011631	0.071070	0.016153
138	044910:46091140	0	2	0.433493	0.744052	0.123881	0.067373
138	044910:46091140	1	1	0.566507	0.255948	0.123881	0.067373
139	044911:1540844	0	2	0.963444	0.602426	0.028983	0.077490
139	044911:1540844	1	1	0.036556	0.397574	0.028983	0.077490
140	044911:1541077	0	2	0.970538	0.597539	0.023458	0.075727
140	044911:1541077	1	1	0.029462	0.402461	0.023458	0.075727
141	044911:4622737	0	2	0.972726	0.700010	0.021794	0.076364
141	044911:4622737	1	1	0.027274	0.299990	0.021794	0.076364
142	044911:8077588	0	2	0.990554	0.592844	0.013162	0.074057
142	044911:8077588	1	1	0.009446	0.407156	0.013162	0.074057
143	044911:32142124	0	2	0.989789	0.406814	0.014239	0.073989
143	044911:32142124	1	1	0.010211	0.593186	0.014239	0.073989
144	044911:41706549	0	2	0.990582	0.621638	0.013118	0.074951
144	044911:41706549	1	1	0.009418	0.378362	0.013118	0.074951
145	044911:41707501	0	2	0.990581	0.576730	0.013164	0.078043
145	044911:41707501	1	1	0.009419	0.423270	0.013164	0.078043
146	044911:52510545	0	1	0.424637	0.060971	0.067289	0.036943
146	044911:52510545	1	2	0.575363	0.939029	0.067289	0.036943
147	044911:52513387	0	2	0.820767	0.290729	0.052221	0.068500
147	044911:52513387	1	1	0.179233	0.709271	0.052221	0.068500
148	044911:52513571	0	1	0.457333	0.011619	0.071980	0.016172
148	044911:52513571	1	2	0.542667	0.988381	0.071980	0.016172
149	044911:56301329	0	2	0.990195	0.314061	0.013648	0.070022
149	044911:56301329	1	1	0.009805	0.685939	0.013648	0.070022
150	044911:56302267	0	2	0.578527	0.988325	0.068504	0.016254
150	044911:56302267	1	1	0.421473	0.011675	0.068504	0.016254
151	044911:56304035	0	2	0.990899	0.313892	0.012692	0.070016
151	044911:56304035	1	1	0.009101	0.686108	0.012692	0.070016
152	044911:56310494	0	2	0.988894	0.755648	0.015452	0.064800
152	044911:56310494	1	1	0.011106	0.244352	0.015452	0.064800
153	044912:5746184	0	2	0.990932	0.523159	0.012663	0.075313
153	044912:5746184	1	1	0.009068	0.476841	0.012663	0.075313
154	044912:9349319	0	2	0.990543	0.081353	0.013190	0.041166
154	044912:9349319	1	1	0.009457	0.918647	0.013190	0.041166
155	044912:12340521	0	1	0.712752	0.120805	0.065322	0.059505
155	044912:12340521	1	2	0.287248	0.879195	0.065322	0.059505
156	044912:14358550	0	1	0.627331	0.036600	0.064632	0.029024
156	044912:14358550	1	2	0.372669	0.963400	0.064632	0.029024
157	044912:19060740	0	2	0.988390	0.256790	0.016137	0.070855
157	044912:19060740	1	1	0.011610	0.743210	0.016137	0.070855
158	044912:23441027	0	2	0.990556	0.524307	0.013137	0.076961
158	044912:23441027	1	1	0.009444	0.475693	0.013137	0.076961
159	044912:33293976	0	2	0.990909	0.721881	0.012698	0.141959
159	044912:33293976	1	1	0.009091	0.278119	0.012698	0.141959
160	044912:37775623	0	1	0.726604	0.174247	0.060606	0.057274
160	044912:37775623	1	2	0.273396	0.825753	0.060606	0.057274
161	044912:51756523	0	2	0.598098	0.963434	0.067881	0.028919
161	044912:51756523	1	1	0.401902	0.036566	0.067881	0.028919
162	044913:638446	0	1	0.481881	0.158358	0.066717	0.056358
162	044913:638446	1	2	0.518119	0.841642	0.066717	0.056358
163	044913:4117256	0	1	0.255607	0.012204	0.064281	0.016941
163	044913:4117256	1	2	0.744393	0.987796	0.064281	0.016941
164	044913:11891801	0	1	0.409037	0.134223	0.065684	0.052650
164	044913:11891801	1	2	0.590963	0.865777	0.065684	0.052650
165	044913:23779928	0	2	0.972755	0.616262	0.021787	0.073380
165	044913:23779928	1	1	0.027245	0.383738	0.021787	0.073380
166	044913:25468654	0	2	0.989352	0.732583	0.014829	0.066746
166	044913:25468654	1	1	0.010648	0.267417	0.014829	0.066746
167	044913:38437209	0	2	0.984865	0.679382	0.020935	0.073743
167	044913:38437209	1	1	0.015135	0.320618	0.020935	0.073743
168	044913:40878486	0	2	0.990208	0.642814	0.013659	0.102167
168	044913:40878486	1	1	0.009792	0.357186	0.013659	0.102167
169	044913:40883650	0	1	0.227290	0.011660	0.055957	0.016216
169	044913:40883650	1	2	0.772710	0.988340	0.055957	0.016216
170	044913:49279316	0	1	0.539120	0.019958	0.069033	0.027397
170	044913:49279316	1	2	0.460880	0.980042	0.069033	0.027397
171	044913:50914929	0	2	0.990567	0.709311	0.013134	0.068508
171	044913:50914929	1	1	0.009433	0.290689	0.013134	0.068508
172	044913:50915078	0	2	0.989814	0.709341	0.014200	0.068403
172	044913:50915078	1	1	0.010186	0.290659	0.014200	0.068403
173	044913:65198478	0	2	0.933922	0.569867	0.033805	0.074617
173	044913:65198478	1	1	0.066078	0.430133	0.033805	0.074617
174	044914:790160	0	1	0.480512	0.012836	0.069138	0.017846
174	044914:790160	1	2	0.519488	0.987164	0.069138	0.017846
175	044914:5708011	0	2	0.336259	0.863627	0.063220	0.058787
175	044914:5708011	1	1	0.663741	0.136373	0.063220	0.058787
176	044914:25869683	0	2	0.590859	0.965128	0.065636	0.027667
176	044914:25869683	1	1	0.409141	0.034872	0.065636	0.027667
177	044914:26769617	0	2	0.990182	0.391801	0.013689	0.079152
177	044914:26769617	1	1	0.009818	0.608199	0.013689	0.079152
178	044914:34829931	0	2	0.990909	0.011641	0.012685	0.016166
178	044914:34829931	1	1	0.009091	0.988359	0.012685	0.016166
179	044914:54806329	0	1	0.499857	0.099896	0.091282	0.050054
179	044914:54806329	1	2	0.500143	0.900104	0.091282	0.050054
180	044915:1083547	0	2	0.990884	0.453368	0.012713	0.075027
180	044915:1083547	1	1	0.009116	0.546632	0.012713	0.075027
181	044915:2284424	0	2	0.534546	0.987797	0.091069	0.016941
181	044915:2284424	1	1	0.465454	0.012203	0.091069	0.016941
182	044915:4143738	0	2	0.988896	0.646571	0.015438	0.073686
182	044915:4143738	1	1	0.011104	0.353429	0.015438	0.073686
183	044915:4426571	0	1	0.754540	0.011602	0.057591	0.016101
183	044915:4426571	1	2	0.245460	0.988398	0.057591	0.016101
184	044915:6209048	0	2	0.990912	0.585738	0.012697	0.082168
184	044915:6209048	1	1	0.009088	0.414262	0.012697	0.082168
185	044915:7704599	0	2	0.990563	0.621815	0.013154	0.074797
185	044915:7704599	1	1	0.009437	0.378185	0.013154	0.074797
186	044915:7707034	0	2	0.990563	0.621887	0.013150	0.074845
186	044915:7707034	1	1	0.009437	0.378113	0.013150	0.074845
187	044915:7712939	0	1	0.500174	0.060966	0.067987	0.037010
187	044915:7712939	1	2	0.499826	0.939034	0.067987	0.037010
188	044915:7994815	0	2	0.622108	0.963343	0.074708	0.028983
188	044915:7994815	1	1	0.377892	0.036657	0.074708	0.028983
189	044915:27317076	0	2	0.988865	0.639475	0.015474	0.072463
189	044915:27317076	1	1	0.011135	0.360525	0.015474	0.072463
190	044915:27319450	0	2	0.990561	0.646393	0.013169	0.073908
190	044915:27319450	1	1	0.009439	0.353607	0.013169	0.073908
191	044915:27320140	0	2	0.581630	0.988420	0.069651	0.016075
191	044915:27320140	1	1	0.418370	0.011580	0.069651	0.016075
192	044915:27321282	0	2	0.990943	0.621953	0.012645	0.074770
192	044915:27321282	1	1	0.009057	0.378047	0.012645	0.074770
193	044915:28384683	0	2	0.959498	0.017278	0.031982	0.023819
193	044915:28384683	1	1	0.040502	0.982722	0.031982	0.023819
194	044915:29451644	0	1	0.362678	0.012184	0.066709	0.016929
194	044915:29451644	1	2	0.637322	0.987816	0.066709	0.016929
195	044915:32417985	0	2	0.645422	0.988362	0.063989	0.016173
195	044915:32417985	1	1	0.354578	0.011638	0.063989	0.016173
196	044915:32543983	0	2	0.990912	0.802362	0.012682	0.059987
196	044915:32543983	1	1	0.009088	0.197638	0.012682	0.059987
197	044915:32552340	0	1	0.330147	0.012188	0.064037	0.016913
197	044915:32552340	1	2	0.669853	0.987812	0.064037	0.016913
198	044915:40189307	0	2	0.990198	0.792573	0.013665	0.062578
198	044915:40189307	1	1	0.009802	0.207427	0.013665	0.062578
199	044915:42582495	0	2	0.782981	0.988385	0.056081	0.016101
199	044915:42582495	1	1	0.217019	0.011615	0.056081	0.016101
