600000_sweeps	IndivName	1.000/0.000/0.000/0.000	0.000/0.000/0.000/1.000	0.000/0.500/0.500/0.000	0.250/0.250/0.250/0.250	0.500/0.250/0.250/0.000	0.000/0.250/0.250/0.500	0.750/0.125/0.125/0.000	0.000/0.125/0.125/0.750	0.875/0.062/0.062/0.000	0.000/0.062/0.062/0.875
1	NoName	0.99997	0.00000	0.00000	0.00000	0.00000	0.00000	0.00000	0.00000	0.00003	0.00000
2	NoName	0.99969	0.00000	0.00000	0.00000	0.00000	0.00000	0.00000	0.00000	0.00031	0.00000
3	NoName	0.99967	0.00000	0.00000	0.00000	0.00000	0.00000	0.00000	0.00000	0.00032	0.00000
4	NoName	0.00000	0.99962	0.00000	0.00000	0.00000	0.00000	0.00000	0.00000	0.00000	0.00037
5	NoName	0.00000	0.99891	0.00000	0.00000	0.00000	0.00000	0.00000	0.00001	0.00000	0.00108
6	NoName	0.00000	0.99985	0.00000	0.00000	0.00000	0.00000	0.00000	0.00000	0.00000	0.00015
7	NoName	0.99979	0.00000	0.00000	0.00000	0.00000	0.00000	0.00000	0.00000	0.00021	0.00000
8	NoName	0.99939	0.00000	0.00000	0.00000	0.00000	0.00000	0.00002	0.00000	0.00059	0.00000
9	NoName	0.99996	0.00000	0.00000	0.00000	0.00000	0.00000	0.00000	0.00000	0.00004	0.00000
10	NoName	0.99923	0.00000	0.00000	0.00000	0.00000	0.00000	0.00002	0.00000	0.00075	0.00000
11	NoName	0.00000	0.99984	0.00000	0.00000	0.00000	0.00000	0.00000	0.00000	0.00000	0.00016
12	NoName	0.99969	0.00000	0.00000	0.00000	0.00000	0.00000	0.00000	0.00000	0.00031	0.00000
13	NoName	0.99956	0.00000	0.00000	0.00000	0.00000	0.00000	0.00000	0.00000	0.00043	0.00000
14	NoName	0.99988	0.00000	0.00000	0.00000	0.00000	0.00000	0.00000	0.00000	0.00012	0.00000
15	NoName	0.00000	1.00000	0.00000	0.00000	0.00000	0.00000	0.00000	0.00000	0.00000	0.00000
16	NoName	0.99995	0.00000	0.00000	0.00000	0.00000	0.00000	0.00000	0.00000	0.00005	0.00000
17	NoName	0.00000	0.99917	0.00000	0.00000	0.00000	0.00000	0.00000	0.00001	0.00000	0.00082
18	NoName	0.99957	0.00000	0.00000	0.00000	0.00000	0.00000	0.00000	0.00000	0.00043	0.00000
19	NoName	0.00000	0.99993	0.00000	0.00000	0.00000	0.00000	0.00000	0.00000	0.00000	0.00007
20	NoName	0.00000	0.99996	0.00000	0.00000	0.00000	0.00000	0.00000	0.00000	0.00000	0.00004
21	NoName	0.99961	0.00000	0.00000	0.00000	0.00000	0.00000	0.00000	0.00000	0.00039	0.00000
22	NoName	0.99902	0.00000	0.00000	0.00000	0.00000	0.00000	0.00001	0.00000	0.00097	0.00000
23	NoName	0.99954	0.00000	0.00000	0.00000	0.00000	0.00000	0.00001	0.00000	0.00045	0.00000
24	NoName	0.00000	1.00000	0.00000	0.00000	0.00000	0.00000	0.00000	0.00000	0.00000	0.00000
25	NoName	0.99699	0.00000	0.00000	0.00000	0.00000	0.00000	0.00010	0.00000	0.00290	0.00000
26	NoName	0.99956	0.00000	0.00000	0.00000	0.00000	0.00000	0.00001	0.00000	0.00043	0.00000
27	NoName	0.99963	0.00000	0.00000	0.00000	0.00000	0.00000	0.00000	0.00000	0.00037	0.00000
28	NoName	0.99973	0.00000	0.00000	0.00000	0.00000	0.00000	0.00000	0.00000	0.00027	0.00000
29	NoName	0.72521	0.00000	0.00000	0.00000	0.00163	0.00000	0.16148	0.00000	0.11167	0.00000
30	NoName	0.99837	0.00000	0.00000	0.00000	0.00000	0.00000	0.00011	0.00000	0.00151	0.00000
31	NoName	0.00000	0.99996	0.00000	0.00000	0.00000	0.00000	0.00000	0.00000	0.00000	0.00003
32	NoName	0.00000	0.99998	0.00000	0.00000	0.00000	0.00000	0.00000	0.00000	0.00000	0.00002
33	NoName	0.99735	0.00000	0.00000	0.00000	0.00000	0.00000	0.00019	0.00000	0.00245	0.00000
34	NoName	0.00000	0.00000	0.99998	0.00000	0.00002	0.00000	0.00000	0.00000	0.00000	0.00000
35	NoName	0.99794	0.00000	0.00000	0.00000	0.00000	0.00000	0.00009	0.00000	0.00197	0.00000
36	NoName	0.99968	0.00000	0.00000	0.00000	0.00000	0.00000	0.00000	0.00000	0.00032	0.00000
37	NoName	0.99887	0.00000	0.00000	0.00000	0.00000	0.00000	0.00003	0.00000	0.00110	0.00000
38	NoName	0.99998	0.00000	0.00000	0.00000	0.00000	0.00000	0.00000	0.00000	0.00002	0.00000
39	NoName	0.99989	0.00000	0.00000	0.00000	0.00000	0.00000	0.00000	0.00000	0.00010	0.00000
40	NoName	0.99993	0.00000	0.00000	0.00000	0.00000	0.00000	0.00000	0.00000	0.00007	0.00000
41	NoName	0.00000	0.99995	0.00000	0.00000	0.00000	0.00000	0.00000	0.00000	0.00000	0.00005
42	NoName	0.99989	0.00000	0.00000	0.00000	0.00000	0.00000	0.00000	0.00000	0.00011	0.00000
43	NoName	0.99998	0.00000	0.00000	0.00000	0.00000	0.00000	0.00000	0.00000	0.00002	0.00000
44	NoName	0.00000	0.99998	0.00000	0.00000	0.00000	0.00000	0.00000	0.00000	0.00000	0.00002
45	NoName	0.99998	0.00000	0.00000	0.00000	0.00000	0.00000	0.00000	0.00000	0.00002	0.00000
46	NoName	0.99997	0.00000	0.00000	0.00000	0.00000	0.00000	0.00000	0.00000	0.00003	0.00000
47	NoName	0.00000	0.99999	0.00000	0.00000	0.00000	0.00000	0.00000	0.00000	0.00000	0.00001
48	NoName	0.00000	0.99998	0.00000	0.00000	0.00000	0.00000	0.00000	0.00000	0.00000	0.00002
49	NoName	0.99966	0.00000	0.00000	0.00000	0.00000	0.00000	0.00000	0.00000	0.00034	0.00000
50	NoName	0.99219	0.00000	0.00000	0.00000	0.00000	0.00000	0.00075	0.00000	0.00706	0.00000
51	NoName	0.99998	0.00000	0.00000	0.00000	0.00000	0.00000	0.00000	0.00000	0.00002	0.00000
52	NoName	0.99993	0.00000	0.00000	0.00000	0.00000	0.00000	0.00000	0.00000	0.00007	0.00000
53	NoName	0.99997	0.00000	0.00000	0.00000	0.00000	0.00000	0.00000	0.00000	0.00003	0.00000
54	NoName	0.99991	0.00000	0.00000	0.00000	0.00000	0.00000	0.00000	0.00000	0.00009	0.00000
55	NoName	0.99846	0.00000	0.00000	0.00000	0.00000	0.00000	0.00003	0.00000	0.00152	0.00000
56	NoName	0.99997	0.00000	0.00000	0.00000	0.00000	0.00000	0.00000	0.00000	0.00003	0.00000
57	NoName	0.99827	0.00000	0.00000	0.00000	0.00000	0.00000	0.00004	0.00000	0.00169	0.00000
58	NoName	0.99948	0.00000	0.00000	0.00000	0.00000	0.00000	0.00001	0.00000	0.00051	0.00000
59	NoName	0.99970	0.00000	0.00000	0.00000	0.00000	0.00000	0.00000	0.00000	0.00030	0.00000
60	NoName	0.99996	0.00000	0.00000	0.00000	0.00000	0.00000	0.00000	0.00000	0.00004	0.00000
61	NoName	0.99852	0.00000	0.00000	0.00000	0.00000	0.00000	0.00004	0.00000	0.00144	0.00000
62	NoName	0.99934	0.00000	0.00000	0.00000	0.00000	0.00000	0.00003	0.00000	0.00064	0.00000
63	NoName	0.99832	0.00000	0.00000	0.00000	0.00000	0.00000	0.00005	0.00000	0.00162	0.00000
64	NoName	0.00000	0.99998	0.00000	0.00000	0.00000	0.00000	0.00000	0.00000	0.00000	0.00002
65	NoName	0.99957	0.00000	0.00000	0.00000	0.00000	0.00000	0.00000	0.00000	0.00043	0.00000
66	NoName	0.00000	0.99999	0.00000	0.00000	0.00000	0.00000	0.00000	0.00000	0.00000	0.00001
67	NoName	0.99996	0.00000	0.00000	0.00000	0.00000	0.00000	0.00000	0.00000	0.00004	0.00000
68	NoName	0.99995	0.00000	0.00000	0.00000	0.00000	0.00000	0.00000	0.00000	0.00005	0.00000
69	NoName	0.99987	0.00000	0.00000	0.00000	0.00000	0.00000	0.00000	0.00000	0.00013	0.00000
70	NoName	0.99539	0.00000	0.00000	0.00000	0.00000	0.00000	0.00032	0.00000	0.00429	0.00000
71	NoName	0.99997	0.00000	0.00000	0.00000	0.00000	0.00000	0.00000	0.00000	0.00003	0.00000
72	NoName	0.99991	0.00000	0.00000	0.00000	0.00000	0.00000	0.00000	0.00000	0.00009	0.00000
73	NoName	0.99990	0.00000	0.00000	0.00000	0.00000	0.00000	0.00000	0.00000	0.00010	0.00000
74	NoName	0.99981	0.00000	0.00000	0.00000	0.00000	0.00000	0.00000	0.00000	0.00019	0.00000
75	NoName	0.00000	1.00000	0.00000	0.00000	0.00000	0.00000	0.00000	0.00000	0.00000	0.00000
76	NoName	0.99993	0.00000	0.00000	0.00000	0.00000	0.00000	0.00000	0.00000	0.00007	0.00000
77	NoName	0.00000	0.99999	0.00000	0.00000	0.00000	0.00000	0.00000	0.00000	0.00000	0.00001
