ind_ID	Pure_0	Pure_1	F1	F2	P0_F1	P1_F1	P0_P0F1	P1_P1F1	P0_P0P0F1	P1_P1P1F1
QUE001463_alb	0.99997	0.00000	0.00000	0.00000	0.00000	0.00000	0.00000	0.00000	0.00003	0.00000
QUE001758_alb	0.99969	0.00000	0.00000	0.00000	0.00000	0.00000	0.00000	0.00000	0.00031	0.00000
QUE001815_alb	0.99967	0.00000	0.00000	0.00000	0.00000	0.00000	0.00000	0.00000	0.00032	0.00000
QUE001819_mue	0.00000	0.99962	0.00000	0.00000	0.00000	0.00000	0.00000	0.00000	0.00000	0.00037
QUE001840_mue	0.00000	0.99891	0.00000	0.00000	0.00000	0.00000	0.00000	0.00001	0.00000	0.00108
QUE001893_mue	0.00000	0.99985	0.00000	0.00000	0.00000	0.00000	0.00000	0.00000	0.00000	0.00015
QUE001918_alb	0.99979	0.00000	0.00000	0.00000	0.00000	0.00000	0.00000	0.00000	0.00021	0.00000
QUE001932_alb	0.99939	0.00000	0.00000	0.00000	0.00000	0.00000	0.00002	0.00000	0.00059	0.00000
QUE002075_alb	0.99996	0.00000	0.00000	0.00000	0.00000	0.00000	0.00000	0.00000	0.00004	0.00000
QUE002091_alb	0.99923	0.00000	0.00000	0.00000	0.00000	0.00000	0.00002	0.00000	0.00075	0.00000
QUE002098_mue	0.00000	0.99984	0.00000	0.00000	0.00000	0.00000	0.00000	0.00000	0.00000	0.00016
QUE002108_alb	0.99969	0.00000	0.00000	0.00000	0.00000	0.00000	0.00000	0.00000	0.00031	0.00000
QUE002121_alb	0.99956	0.00000	0.00000	0.00000	0.00000	0.00000	0.00000	0.00000	0.00043	0.00000
QUE002138_alb	0.99988	0.00000	0.00000	0.00000	0.00000	0.00000	0.00000	0.00000	0.00012	0.00000
QUE002189_mue	0.00000	1.00000	0.00000	0.00000	0.00000	0.00000	0.00000	0.00000	0.00000	0.00000
QUE002210_alb	0.99995	0.00000	0.00000	0.00000	0.00000	0.00000	0.00000	0.00000	0.00005	0.00000
QUE002247_mue	0.00000	0.99917	0.00000	0.00000	0.00000	0.00000	0.00000	0.00001	0.00000	0.00082
QUE002253_alb	0.99957	0.00000	0.00000	0.00000	0.00000	0.00000	0.00000	0.00000	0.00043	0.00000
QUE002285_mue	0.00000	0.99993	0.00000	0.00000	0.00000	0.00000	0.00000	0.00000	0.00000	0.00007
QUE002303_mue	0.00000	0.99996	0.00000	0.00000	0.00000	0.00000	0.00000	0.00000	0.00000	0.00004
QUE002337_alb	0.99961	0.00000	0.00000	0.00000	0.00000	0.00000	0.00000	0.00000	0.00039	0.00000
QUE002355_alb	0.99902	0.00000	0.00000	0.00000	0.00000	0.00000	0.00001	0.00000	0.00097	0.00000
QUE002399_alb	0.99954	0.00000	0.00000	0.00000	0.00000	0.00000	0.00001	0.00000	0.00045	0.00000
QUE002481_mue	0.00000	1.00000	0.00000	0.00000	0.00000	0.00000	0.00000	0.00000	0.00000	0.00000
QUE002493_alb	0.99699	0.00000	0.00000	0.00000	0.00000	0.00000	0.00010	0.00000	0.00290	0.00000
QUE002526_alb	0.99956	0.00000	0.00000	0.00000	0.00000	0.00000	0.00001	0.00000	0.00043	0.00000
QUE002535_alb	0.99963	0.00000	0.00000	0.00000	0.00000	0.00000	0.00000	0.00000	0.00037	0.00000
QUE002370_alb	0.99973	0.00000	0.00000	0.00000	0.00000	0.00000	0.00000	0.00000	0.00027	0.00000
QUE002375_alb	0.72521	0.00000	0.00000	0.00000	0.00163	0.00000	0.16148	0.00000	0.11167	0.00000
QUE001846_alb	0.99837	0.00000	0.00000	0.00000	0.00000	0.00000	0.00011	0.00000	0.00151	0.00000
QUE001930_mue	0.00000	0.99996	0.00000	0.00000	0.00000	0.00000	0.00000	0.00000	0.00000	0.00003
QUE001938_mue	0.00000	0.99998	0.00000	0.00000	0.00000	0.00000	0.00000	0.00000	0.00000	0.00002
QUE001943_alb	0.99735	0.00000	0.00000	0.00000	0.00000	0.00000	0.00019	0.00000	0.00245	0.00000
QUE002099_mue	0.00000	0.00000	0.99998	0.00000	0.00002	0.00000	0.00000	0.00000	0.00000	0.00000
QUE002109_alb	0.99794	0.00000	0.00000	0.00000	0.00000	0.00000	0.00009	0.00000	0.00197	0.00000
QUE002124_alb	0.99968	0.00000	0.00000	0.00000	0.00000	0.00000	0.00000	0.00000	0.00032	0.00000
QUE002128_alb	0.99887	0.00000	0.00000	0.00000	0.00000	0.00000	0.00003	0.00000	0.00110	0.00000
QUE002176_alb	0.99998	0.00000	0.00000	0.00000	0.00000	0.00000	0.00000	0.00000	0.00002	0.00000
QUE002216_alb	0.99989	0.00000	0.00000	0.00000	0.00000	0.00000	0.00000	0.00000	0.00010	0.00000
QUE002225_alb	0.99993	0.00000	0.00000	0.00000	0.00000	0.00000	0.00000	0.00000	0.00007	0.00000
QUE002226_mue	0.00000	0.99995	0.00000	0.00000	0.00000	0.00000	0.00000	0.00000	0.00000	0.00005
QUE002232_alb	0.99989	0.00000	0.00000	0.00000	0.00000	0.00000	0.00000	0.00000	0.00011	0.00000
QUE002261_alb	0.99998	0.00000	0.00000	0.00000	0.00000	0.00000	0.00000	0.00000	0.00002	0.00000
QUE002267_mue	0.00000	0.99998	0.00000	0.00000	0.00000	0.00000	0.00000	0.00000	0.00000	0.00002
QUE002269_alb	0.99998	0.00000	0.00000	0.00000	0.00000	0.00000	0.00000	0.00000	0.00002	0.00000
QUE002275_alb	0.99997	0.00000	0.00000	0.00000	0.00000	0.00000	0.00000	0.00000	0.00003	0.00000
QUE002290_mue	0.00000	0.99999	0.00000	0.00000	0.00000	0.00000	0.00000	0.00000	0.00000	0.00001
QUE002310_mue	0.00000	0.99998	0.00000	0.00000	0.00000	0.00000	0.00000	0.00000	0.00000	0.00002
QUE002313_alb	0.99966	0.00000	0.00000	0.00000	0.00000	0.00000	0.00000	0.00000	0.00034	0.00000
QUE002314_alb	0.99219	0.00000	0.00000	0.00000	0.00000	0.00000	0.00075	0.00000	0.00706	0.00000
QUE002315_alb	0.99998	0.00000	0.00000	0.00000	0.00000	0.00000	0.00000	0.00000	0.00002	0.00000
QUE002319_alb	0.99993	0.00000	0.00000	0.00000	0.00000	0.00000	0.00000	0.00000	0.00007	0.00000
QUE002324_alb	0.99997	0.00000	0.00000	0.00000	0.00000	0.00000	0.00000	0.00000	0.00003	0.00000
QUE002339_alb	0.99991	0.00000	0.00000	0.00000	0.00000	0.00000	0.00000	0.00000	0.00009	0.00000
QUE002342_alb	0.99846	0.00000	0.00000	0.00000	0.00000	0.00000	0.00003	0.00000	0.00152	0.00000
QUE002346_alb	0.99997	0.00000	0.00000	0.00000	0.00000	0.00000	0.00000	0.00000	0.00003	0.00000
QUE002351_alb	0.99827	0.00000	0.00000	0.00000	0.00000	0.00000	0.00004	0.00000	0.00169	0.00000
QUE002362_alb	0.99948	0.00000	0.00000	0.00000	0.00000	0.00000	0.00001	0.00000	0.00051	0.00000
QUE002383_alb	0.99970	0.00000	0.00000	0.00000	0.00000	0.00000	0.00000	0.00000	0.00030	0.00000
QUE002392_alb	0.99996	0.00000	0.00000	0.00000	0.00000	0.00000	0.00000	0.00000	0.00004	0.00000
QUE002410_alb	0.99852	0.00000	0.00000	0.00000	0.00000	0.00000	0.00004	0.00000	0.00144	0.00000
QUE002416_alb	0.99934	0.00000	0.00000	0.00000	0.00000	0.00000	0.00003	0.00000	0.00064	0.00000
QUE002422_alb	0.99832	0.00000	0.00000	0.00000	0.00000	0.00000	0.00005	0.00000	0.00162	0.00000
QUE002484_mue	0.00000	0.99998	0.00000	0.00000	0.00000	0.00000	0.00000	0.00000	0.00000	0.00002
QUE002487_alb	0.99957	0.00000	0.00000	0.00000	0.00000	0.00000	0.00000	0.00000	0.00043	0.00000
QUE002488_mue	0.00000	0.99999	0.00000	0.00000	0.00000	0.00000	0.00000	0.00000	0.00000	0.00001
QUE002494_alb	0.99996	0.00000	0.00000	0.00000	0.00000	0.00000	0.00000	0.00000	0.00004	0.00000
QUE002495_alb	0.99995	0.00000	0.00000	0.00000	0.00000	0.00000	0.00000	0.00000	0.00005	0.00000
QUE002503_alb	0.99987	0.00000	0.00000	0.00000	0.00000	0.00000	0.00000	0.00000	0.00013	0.00000
QUE002511_alb	0.99539	0.00000	0.00000	0.00000	0.00000	0.00000	0.00032	0.00000	0.00429	0.00000
QUE002522_alb	0.99997	0.00000	0.00000	0.00000	0.00000	0.00000	0.00000	0.00000	0.00003	0.00000
QUE002534_alb	0.99991	0.00000	0.00000	0.00000	0.00000	0.00000	0.00000	0.00000	0.00009	0.00000
QUE002544_alb	0.99990	0.00000	0.00000	0.00000	0.00000	0.00000	0.00000	0.00000	0.00010	0.00000
QUE002555_alb	0.99981	0.00000	0.00000	0.00000	0.00000	0.00000	0.00000	0.00000	0.00019	0.00000
QUE001649_mue	0.00000	1.00000	0.00000	0.00000	0.00000	0.00000	0.00000	0.00000	0.00000	0.00000
QUE001654_alb	0.99993	0.00000	0.00000	0.00000	0.00000	0.00000	0.00000	0.00000	0.00007	0.00000
QUE001665_mue	0.00000	0.99999	0.00000	0.00000	0.00000	0.00000	0.00000	0.00000	0.00000	0.00001
