UponCompletionOf_600000_sweeps
LocNumber LocName AlleleNumber AlleleName FreqInPop0 FreqInPop1 SDInPop0 SDinPop1
0	044904:2991436	0	2	0.935813	0.492680	0.011921	0.063009
0	044904:2991436	1	1	0.064187	0.507320	0.011921	0.063009
1	044904:7255859	0	2	0.993911	0.715003	0.003930	0.059442
1	044904:7255859	1	1	0.006089	0.284997	0.003930	0.059442
2	044904:7500630	0	1	0.346399	0.958416	0.023316	0.026031
2	044904:7500630	1	2	0.653601	0.041584	0.023316	0.026031
3	044904:15922247	0	2	0.937104	0.469215	0.011716	0.064461
3	044904:15922247	1	1	0.062896	0.530785	0.011716	0.064461
4	044904:15925557	0	2	0.991206	0.140591	0.005053	0.050102
4	044904:15925557	1	1	0.008794	0.859409	0.005053	0.050102
5	044904:15925769	0	2	0.757475	0.125075	0.020716	0.042192
5	044904:15925769	1	1	0.242525	0.874925	0.020716	0.042192
6	044904:15926596	0	2	0.762210	0.109928	0.021064	0.040199
6	044904:15926596	1	1	0.237790	0.890072	0.021064	0.040199
7	044904:15927773	0	2	0.998756	0.655677	0.001757	0.060139
7	044904:15927773	1	1	0.001244	0.344323	0.001757	0.060139
8	044904:17991859	0	2	0.998786	0.773821	0.001716	0.052206
8	044904:17991859	1	1	0.001214	0.226179	0.001716	0.052206
9	044904:19301631	0	2	0.998784	0.892426	0.001714	0.039672
9	044904:19301631	1	1	0.001216	0.107574	0.001714	0.039672
10	044904:20568863	0	2	0.998799	0.695012	0.001692	0.057526
10	044904:20568863	1	1	0.001201	0.304988	0.001692	0.057526
11	044904:21964628	0	2	0.998366	0.040053	0.002282	0.032381
11	044904:21964628	1	1	0.001634	0.959947	0.002282	0.032381
12	044904:22263201	0	2	0.998599	0.841065	0.001972	0.047087
12	044904:22263201	1	1	0.001401	0.158935	0.001972	0.047087
13	044904:23611169	0	1	0.380640	0.989806	0.025679	0.014214
13	044904:23611169	1	2	0.619360	0.010194	0.025679	0.014214
14	044904:23614092	0	2	0.782545	0.084338	0.021639	0.042904
14	044904:23614092	1	1	0.217455	0.915662	0.021639	0.042904
15	044904:24908148	0	2	0.997252	0.556556	0.002903	0.063262
15	044904:24908148	1	1	0.002748	0.443444	0.002903	0.063262
16	044904:24908331	0	2	0.993564	0.772403	0.004095	0.061665
16	044904:24908331	1	1	0.006436	0.227597	0.004095	0.061665
17	044904:24915802	0	2	0.993166	0.803956	0.004256	0.050829
17	044904:24915802	1	1	0.006834	0.196044	0.004256	0.050829
18	044904:24918937	0	2	0.998699	0.555319	0.001832	0.062289
18	044904:24918937	1	1	0.001301	0.444681	0.001832	0.062289
19	044904:25567957	0	2	0.753712	0.009197	0.020886	0.012781
19	044904:25567957	1	1	0.246288	0.990803	0.020886	0.012781
20	044904:25896105	0	2	0.683232	0.078359	0.022478	0.034869
20	044904:25896105	1	1	0.316768	0.921641	0.022478	0.034869
21	044904:26247704	0	1	0.413885	0.991629	0.025547	0.011685
21	044904:26247704	1	2	0.586115	0.008371	0.025547	0.011685
22	044904:26251562	0	1	0.554979	0.009408	0.024106	0.013089
22	044904:26251562	1	2	0.445021	0.990592	0.024106	0.013089
23	044904:30424507	0	2	0.706775	0.051200	0.022492	0.031220
23	044904:30424507	1	1	0.293225	0.948800	0.022492	0.031220
24	044904:30425899	0	2	0.913181	0.073373	0.014056	0.033063
24	044904:30425899	1	1	0.086819	0.926627	0.014056	0.033063
25	044904:30426012	0	2	0.997606	0.800509	0.002976	0.049920
25	044904:30426012	1	1	0.002394	0.199491	0.002976	0.049920
26	044904:30426190	0	2	0.706236	0.076571	0.022918	0.034631
26	044904:30426190	1	1	0.293764	0.923429	0.022918	0.034631
27	044904:34921423	0	2	0.757000	0.498783	0.021506	0.083734
27	044904:34921423	1	1	0.243000	0.501217	0.021506	0.083734
28	044904:34921511	0	2	0.818130	0.481996	0.019378	0.085911
28	044904:34921511	1	1	0.181870	0.518004	0.019378	0.085911
29	044904:39613495	0	2	0.837711	0.366010	0.018697	0.061855
29	044904:39613495	1	1	0.162289	0.633990	0.018697	0.061855
30	044904:45249789	0	2	0.703064	0.084023	0.022051	0.037330
30	044904:45249789	1	1	0.296936	0.915977	0.022051	0.037330
31	044905:1441377	0	2	0.998809	0.821082	0.001679	0.047639
31	044905:1441377	1	1	0.001191	0.178918	0.001679	0.047639
32	044905:1446857	0	2	0.672654	0.078283	0.023768	0.034933
32	044905:1446857	1	1	0.327346	0.921717	0.023768	0.034933
33	044905:5454581	0	2	0.786983	0.084312	0.020823	0.037655
33	044905:5454581	1	1	0.213017	0.915688	0.020823	0.037655
34	044905:7607146	0	1	0.361927	0.991567	0.023389	0.011768
34	044905:7607146	1	2	0.638073	0.008433	0.023389	0.011768
35	044905:7607352	0	1	0.171031	0.607325	0.018642	0.063834
35	044905:7607352	1	2	0.828969	0.392675	0.018642	0.063834
36	044905:7691750	0	1	0.263797	0.864748	0.022404	0.048639
36	044905:7691750	1	2	0.736203	0.135252	0.022404	0.048639
37	044905:16458442	0	2	0.983876	0.008131	0.006555	0.011367
37	044905:16458442	1	1	0.016124	0.991869	0.006555	0.011367
38	044905:16462107	0	2	0.911096	0.300245	0.015284	0.056627
38	044905:16462107	1	1	0.088904	0.699755	0.015284	0.056627
39	044905:16697026	0	2	0.633198	0.008482	0.024139	0.011834
39	044905:16697026	1	1	0.366802	0.991518	0.024139	0.011834
40	044905:16697263	0	1	0.353744	0.989379	0.024849	0.014813
40	044905:16697263	1	2	0.646256	0.010621	0.024849	0.014813
41	044905:19674241	0	2	0.998605	0.793954	0.001944	0.050206
41	044905:19674241	1	1	0.001395	0.206046	0.001944	0.050206
42	044905:21262204	0	2	0.996465	0.726927	0.003217	0.068273
42	044905:21262204	1	1	0.003535	0.273073	0.003217	0.068273
43	044905:36205857	0	2	0.998707	0.731256	0.001823	0.060234
43	044905:36205857	1	1	0.001293	0.268744	0.001823	0.060234
44	044905:61717087	0	2	0.769734	0.058613	0.020353	0.030044
44	044905:61717087	1	1	0.230266	0.941387	0.020353	0.030044
45	044905:61717168	0	2	0.651867	0.028999	0.024558	0.023126
45	044905:61717168	1	1	0.348133	0.971001	0.024558	0.023126
46	044905:61912417	0	2	0.730809	0.008348	0.021876	0.011685
46	044905:61912417	1	1	0.269191	0.991652	0.021876	0.011685
47	044905:62860925	0	2	0.998835	0.742537	0.001641	0.054551
47	044905:62860925	1	1	0.001165	0.257463	0.001641	0.054551
48	044905:64790030	0	2	0.898224	0.467022	0.015147	0.063021
48	044905:64790030	1	1	0.101776	0.532978	0.015147	0.063021
49	044905:67873139	0	1	0.382320	0.932198	0.024984	0.034641
49	044905:67873139	1	2	0.617680	0.067802	0.024984	0.034641
50	044905:68113452	0	2	0.841993	0.197806	0.018319	0.056724
50	044905:68113452	1	1	0.158007	0.802194	0.018319	0.056724
51	044905:74667424	0	2	0.992769	0.722391	0.004332	0.056128
51	044905:74667424	1	1	0.007231	0.277609	0.004332	0.056128
52	044905:82330837	0	1	0.302353	0.911284	0.022152	0.051698
52	044905:82330837	1	2	0.697647	0.088716	0.022152	0.051698
53	044905:98632420	0	2	0.982962	0.689795	0.006516	0.058121
53	044905:98632420	1	1	0.017038	0.310205	0.006516	0.058121
54	044905:99484512	0	2	0.982496	0.650482	0.007110	0.079464
54	044905:99484512	1	1	0.017504	0.349518	0.007110	0.079464
55	044905:99489792	0	2	0.643105	0.026427	0.023401	0.021024
55	044905:99489792	1	1	0.356895	0.973573	0.023401	0.021024
56	044905:100168852	0	2	0.872117	0.235948	0.016716	0.053636
56	044905:100168852	1	1	0.127883	0.764052	0.016716	0.053636
57	044906:38765045	0	1	0.371727	0.959280	0.023433	0.025053
57	044906:38765045	1	2	0.628273	0.040720	0.023433	0.025053
58	044906:47939898	0	2	0.979258	0.679857	0.007659	0.069131
58	044906:47939898	1	1	0.020742	0.320143	0.007659	0.069131
59	044906:47940118	0	2	0.974852	0.682117	0.007703	0.058059
59	044906:47940118	1	1	0.025148	0.317883	0.007703	0.058059
60	044906:48966625	0	1	0.221719	0.963974	0.020987	0.028484
60	044906:48966625	1	2	0.778281	0.036026	0.020987	0.028484
61	044906:54280744	0	2	0.996457	0.676072	0.002967	0.058820
61	044906:54280744	1	1	0.003543	0.323928	0.002967	0.058820
62	044906:55898347	0	2	0.947977	0.556174	0.011051	0.063635
62	044906:55898347	1	1	0.052023	0.443826	0.011051	0.063635
63	044907:35547685	0	1	0.093738	0.509741	0.014544	0.063143
63	044907:35547685	1	2	0.906262	0.490259	0.014544	0.063143
64	044907:50762971	0	1	0.228484	0.856611	0.021425	0.047444
64	044907:50762971	1	2	0.771516	0.143389	0.021425	0.047444
65	044907:54282899	0	1	0.116007	0.991471	0.015556	0.011904
65	044907:54282899	1	2	0.883993	0.008529	0.015556	0.011904
66	044907:55171134	0	2	0.934740	0.470389	0.012152	0.062877
66	044907:55171134	1	1	0.065260	0.529611	0.012152	0.062877
67	044907:64710502	0	2	0.993556	0.744791	0.004699	0.057359
67	044907:64710502	1	1	0.006444	0.255209	0.004699	0.057359
68	044907:67026790	0	2	0.959213	0.614276	0.009698	0.065962
68	044907:67026790	1	1	0.040787	0.385724	0.009698	0.065962
69	044907:69057818	0	1	0.327229	0.841639	0.023139	0.052369
69	044907:69057818	1	2	0.672771	0.158361	0.023139	0.052369
70	044907:79484838	0	2	0.987337	0.566158	0.005494	0.063703
70	044907:79484838	1	1	0.012663	0.433842	0.005494	0.063703
71	044908:21578070	0	2	0.691806	0.138582	0.023815	0.046163
71	044908:21578070	1	1	0.308194	0.861418	0.023815	0.046163
72	044908:21651870	0	2	0.717652	0.011039	0.022043	0.015321
72	044908:21651870	1	1	0.282348	0.988961	0.022043	0.015321
73	044908:21651981	0	2	0.718924	0.014548	0.023054	0.020073
73	044908:21651981	1	1	0.281076	0.985452	0.023054	0.020073
74	044908:26980113	0	1	0.222077	0.918211	0.020180	0.036547
74	044908:26980113	1	2	0.777923	0.081789	0.020180	0.036547
75	044908:27041766	0	1	0.326661	0.962179	0.023151	0.030639
75	044908:27041766	1	2	0.673339	0.037821	0.023151	0.030639
76	044908:27043151	0	1	0.223150	0.973137	0.020512	0.021528
76	044908:27043151	1	2	0.776850	0.026863	0.020512	0.021528
77	044908:27591391	0	1	0.349680	0.941855	0.023085	0.030203
77	044908:27591391	1	2	0.650320	0.058145	0.023085	0.030203
78	044908:29817564	0	2	0.976128	0.581831	0.008176	0.073633
78	044908:29817564	1	1	0.023872	0.418169	0.008176	0.073633
79	044908:32250061	0	2	0.997880	0.837831	0.002564	0.046959
79	044908:32250061	1	1	0.002120	0.162169	0.002564	0.046959
80	044908:40206767	0	2	0.647140	0.024449	0.023373	0.019568
80	044908:40206767	1	1	0.352860	0.975551	0.023373	0.019568
81	044908:40414742	0	1	0.363031	0.991379	0.024329	0.012007
81	044908:40414742	1	2	0.636969	0.008621	0.024329	0.012007
82	044908:40415730	0	2	0.733603	0.026373	0.021522	0.021037
82	044908:40415730	1	1	0.266397	0.973627	0.021522	0.021037
83	044908:60343015	0	1	0.378628	0.945722	0.025253	0.033028
83	044908:60343015	1	2	0.621372	0.054278	0.025253	0.033028
84	044908:65711194	0	1	0.015788	0.297304	0.006145	0.133104
84	044908:65711194	1	2	0.984212	0.702696	0.006145	0.133104
85	044908:66380414	0	2	0.994802	0.659801	0.003801	0.060684
85	044908:66380414	1	1	0.005198	0.340199	0.003801	0.060684
86	044908:72730779	0	2	0.975603	0.575094	0.007886	0.061354
86	044908:72730779	1	1	0.024397	0.424906	0.007886	0.061354
87	044909:2847744	0	2	0.957753	0.481029	0.009920	0.078211
87	044909:2847744	1	1	0.042247	0.518971	0.009920	0.078211
88	044909:5969828	0	2	0.710624	0.076212	0.022844	0.039425
88	044909:5969828	1	1	0.289376	0.923788	0.022844	0.039425
89	044909:9012793	0	2	0.997310	0.752953	0.002830	0.053928
89	044909:9012793	1	1	0.002690	0.247047	0.002830	0.053928
90	044909:9012869	0	2	0.816439	0.196151	0.020306	0.051533
90	044909:9012869	1	1	0.183561	0.803849	0.020306	0.051533
91	044909:9014914	0	2	0.899285	0.279408	0.014949	0.056423
91	044909:9014914	1	1	0.100715	0.720592	0.014949	0.056423
92	044909:10875085	0	2	0.995361	0.626847	0.003659	0.061332
92	044909:10875085	1	1	0.004639	0.373153	0.003659	0.061332
93	044909:10875609	0	1	0.272803	0.941135	0.021612	0.030386
93	044909:10875609	1	2	0.727197	0.058865	0.021612	0.030386
94	044909:14381123	0	1	0.291035	0.960043	0.022458	0.024779
94	044909:14381123	1	2	0.708965	0.039957	0.022458	0.024779
95	044909:21792616	0	2	0.673387	0.080035	0.022913	0.035744
95	044909:21792616	1	1	0.326613	0.919965	0.022913	0.035744
96	044909:27588695	0	2	0.714036	0.008032	0.022756	0.011224
96	044909:27588695	1	1	0.285964	0.991968	0.022756	0.011224
97	044909:27665958	0	1	0.284371	0.988093	0.022582	0.016532
97	044909:27665958	1	2	0.715629	0.011907	0.022582	0.016532
98	044909:32412739	0	2	0.714353	0.039933	0.022300	0.024539
98	044909:32412739	1	1	0.285647	0.960067	0.022300	0.024539
99	044909:32561409	0	2	0.695342	0.025328	0.022552	0.020350
99	044909:32561409	1	1	0.304658	0.974672	0.022552	0.020350
100	044909:33219607	0	2	0.996557	0.545420	0.002862	0.066884
100	044909:33219607	1	1	0.003443	0.454580	0.002862	0.066884
101	044909:33984040	0	2	0.711650	0.070708	0.022718	0.031993
101	044909:33984040	1	1	0.288350	0.929292	0.022718	0.031993
102	044909:49164907	0	1	0.208518	0.873009	0.019752	0.042990
102	044909:49164907	1	2	0.791482	0.126991	0.019752	0.042990
103	044909:52096316	0	2	0.586617	0.093405	0.024668	0.041323
103	044909:52096316	1	1	0.413383	0.906595	0.024668	0.041323
104	044909:53168744	0	2	0.998716	0.844953	0.001812	0.055549
104	044909:53168744	1	1	0.001284	0.155047	0.001812	0.055549
105	044910:16725407	0	1	0.413917	0.990110	0.024534	0.013788
105	044910:16725407	1	2	0.586083	0.009890	0.024534	0.013788
106	044910:17832303	0	1	0.248137	0.973226	0.021168	0.022265
106	044910:17832303	1	2	0.751863	0.026774	0.021168	0.022265
107	044910:19694805	0	2	0.961815	0.454821	0.009949	0.064031
107	044910:19694805	1	1	0.038185	0.545179	0.009949	0.064031
108	044910:26391694	0	1	0.212534	0.974255	0.020300	0.020902
108	044910:26391694	1	2	0.787466	0.025745	0.020300	0.020902
109	044910:26393977	0	2	0.889945	0.250250	0.016424	0.062496
109	044910:26393977	1	1	0.110055	0.749750	0.016424	0.062496
110	044910:32599753	0	2	0.998771	0.903206	0.001739	0.043029
110	044910:32599753	1	1	0.001229	0.096794	0.001739	0.043029
111	044910:32600604	0	2	0.770110	0.041410	0.020891	0.026252
111	044910:32600604	1	1	0.229890	0.958590	0.020891	0.026252
112	044910:33522718	0	1	0.204771	0.839073	0.020381	0.047572
112	044910:33522718	1	2	0.795229	0.160927	0.020381	0.047572
113	044910:34142182	0	2	0.891283	0.339628	0.015419	0.061114
113	044910:34142182	1	1	0.108717	0.660372	0.015419	0.061114
114	044910:34142233	0	2	0.893089	0.328989	0.015007	0.059713
114	044910:34142233	1	1	0.106911	0.671011	0.015007	0.059713
115	044910:36714704	0	2	0.769769	0.304677	0.021980	0.069495
115	044910:36714704	1	1	0.230231	0.695323	0.021980	0.069495
116	044910:36806643	0	2	0.988584	0.801642	0.005485	0.050181
116	044910:36806643	1	1	0.011416	0.198358	0.005485	0.050181
117	044910:36807016	0	2	0.988185	0.780573	0.005550	0.062924
117	044910:36807016	1	1	0.011815	0.219427	0.005550	0.062924
118	044910:46091142	0	2	0.998761	0.888458	0.001749	0.065616
118	044910:46091142	1	1	0.001239	0.111542	0.001749	0.065616
119	044910:46091205	0	2	0.998777	0.863735	0.001733	0.078985
119	044910:46091205	1	1	0.001223	0.136265	0.001733	0.078985
120	044910:48574541	0	2	0.800418	0.281028	0.021101	0.071208
120	044910:48574541	1	1	0.199582	0.718972	0.021101	0.071208
121	044910:48578719	0	2	0.970754	0.550473	0.008544	0.075970
121	044910:48578719	1	1	0.029246	0.449527	0.008544	0.075970
122	044910:48677129	0	2	0.989710	0.682950	0.005435	0.061704
122	044910:48677129	1	1	0.010290	0.317050	0.005435	0.061704
123	044911:1535424	0	2	0.946486	0.520550	0.012222	0.062431
123	044911:1535424	1	1	0.053514	0.479450	0.012222	0.062431
124	044911:32963009	0	2	0.617560	0.076386	0.025834	0.034616
124	044911:32963009	1	1	0.382440	0.923614	0.025834	0.034616
125	044911:33110570	0	2	0.998769	0.745118	0.001737	0.054053
125	044911:33110570	1	1	0.001231	0.254882	0.001737	0.054053
126	044911:33113254	0	2	0.996145	0.778905	0.003185	0.051677
126	044911:33113254	1	1	0.003855	0.221095	0.003185	0.051677
127	044911:33118192	0	2	0.996175	0.656536	0.003302	0.060195
127	044911:33118192	1	1	0.003825	0.343464	0.003302	0.060195
128	044911:41709219	0	2	0.766352	0.090832	0.022543	0.036580
128	044911:41709219	1	1	0.233648	0.909168	0.022543	0.036580
129	044911:44836769	0	1	0.104530	0.568158	0.015008	0.063090
129	044911:44836769	1	2	0.895470	0.431842	0.015008	0.063090
130	044911:45841294	0	2	0.617462	0.008374	0.023640	0.011681
130	044911:45841294	1	1	0.382538	0.991626	0.023640	0.011681
131	044911:45842241	0	2	0.998803	0.863976	0.001687	0.043223
131	044911:45842241	1	1	0.001197	0.136024	0.001687	0.043223
132	044911:49565515	0	2	0.845827	0.368981	0.017936	0.062389
132	044911:49565515	1	1	0.154173	0.631019	0.017936	0.062389
133	044911:49566946	0	1	0.347977	0.975847	0.023075	0.019428
133	044911:49566946	1	2	0.652023	0.024153	0.023075	0.019428
134	044911:52512026	0	1	0.358115	0.913302	0.023190	0.035195
134	044911:52512026	1	2	0.641885	0.086698	0.023190	0.035195
135	044911:52513330	0	2	0.719337	0.090925	0.021850	0.036779
135	044911:52513330	1	1	0.280663	0.909075	0.021850	0.036779
136	044911:52513426	0	1	0.281243	0.812235	0.022133	0.051773
136	044911:52513426	1	2	0.718757	0.187765	0.022133	0.051773
137	044911:52525945	0	2	0.998495	0.739007	0.002095	0.069366
137	044911:52525945	1	1	0.001505	0.260993	0.002095	0.069366
138	044911:52529647	0	2	0.802922	0.102420	0.019375	0.037969
138	044911:52529647	1	1	0.197078	0.897580	0.019375	0.037969
139	044911:52529719	0	2	0.991625	0.597028	0.004915	0.082504
139	044911:52529719	1	1	0.008375	0.402972	0.004915	0.082504
140	044911:53130008	0	2	0.993564	0.861370	0.004082	0.043910
140	044911:53130008	1	1	0.006436	0.138630	0.004082	0.043910
141	044911:56302497	0	2	0.912978	0.405846	0.014667	0.070444
141	044911:56302497	1	1	0.087022	0.594154	0.014667	0.070444
142	044911:56306600	0	1	0.120079	0.540036	0.016924	0.064550
142	044911:56306600	1	2	0.879921	0.459964	0.016924	0.064550
143	044911:56310560	0	2	0.982668	0.740787	0.006936	0.063042
143	044911:56310560	1	1	0.017332	0.259213	0.006936	0.063042
144	044911:56685620	0	2	0.998764	0.852224	0.001741	0.044003
144	044911:56685620	1	1	0.001236	0.147776	0.001741	0.044003
145	044912:13156028	0	1	0.284652	0.991205	0.022065	0.012245
145	044912:13156028	1	2	0.715348	0.008795	0.022065	0.012245
146	044912:14358694	0	2	0.756861	0.042735	0.020679	0.026661
146	044912:14358694	1	1	0.243139	0.957265	0.020679	0.026661
147	044912:17988090	0	2	0.888619	0.383084	0.015471	0.062203
147	044912:17988090	1	1	0.111381	0.616916	0.015471	0.062203
148	044912:23438264	0	1	0.191163	0.834716	0.019449	0.048358
148	044912:23438264	1	2	0.808837	0.165284	0.019449	0.048358
149	044912:32377713	0	2	0.988854	0.559356	0.005562	0.063921
149	044912:32377713	1	1	0.011146	0.440644	0.005562	0.063921
150	044912:33721048	0	2	0.998789	0.782963	0.001709	0.052103
150	044912:33721048	1	1	0.001211	0.217037	0.001709	0.052103
151	044912:33778080	0	2	0.989380	0.732378	0.005552	0.061069
151	044912:33778080	1	1	0.010620	0.267622	0.005552	0.061069
152	044912:39587515	0	2	0.966954	0.226518	0.009215	0.053483
152	044912:39587515	1	1	0.033046	0.773482	0.009215	0.053483
153	044912:39587639	0	2	0.969004	0.590665	0.008527	0.064100
153	044912:39587639	1	1	0.030996	0.409335	0.008527	0.064100
154	044913:4542824	0	2	0.988300	0.789980	0.005625	0.067651
154	044913:4542824	1	1	0.011700	0.210020	0.005625	0.067651
155	044913:5649341	0	1	0.200699	0.700148	0.020870	0.058036
155	044913:5649341	1	2	0.799301	0.299852	0.020870	0.058036
156	044913:6898333	0	2	0.976185	0.670276	0.007748	0.066577
156	044913:6898333	1	1	0.023815	0.329724	0.007748	0.066577
157	044913:16482453	0	2	0.998806	0.850002	0.001684	0.044719
157	044913:16482453	1	1	0.001194	0.149998	0.001684	0.044719
158	044913:16557020	0	1	0.322464	0.990381	0.023033	0.013389
158	044913:16557020	1	2	0.677536	0.009619	0.023033	0.013389
159	044913:23780024	0	1	0.341532	0.991496	0.023411	0.011882
159	044913:23780024	1	2	0.658468	0.008504	0.023411	0.011882
160	044913:25468214	0	2	0.996464	0.852057	0.002923	0.044116
160	044913:25468214	1	1	0.003536	0.147943	0.002923	0.044116
161	044913:25471141	0	2	0.985875	0.529882	0.006000	0.061951
161	044913:25471141	1	1	0.014125	0.470118	0.006000	0.061951
162	044913:25478346	0	2	0.857881	0.503825	0.017388	0.074451
162	044913:25478346	1	1	0.142119	0.496175	0.017388	0.074451
163	044913:38430596	0	2	0.640136	0.008564	0.023491	0.011958
163	044913:38430596	1	1	0.359864	0.991436	0.023491	0.011958
164	044913:38442262	0	2	0.864774	0.030872	0.017971	0.024528
164	044913:38442262	1	1	0.135226	0.969128	0.017971	0.024528
165	044913:40878527	0	2	0.957134	0.676457	0.010064	0.058666
165	044913:40878527	1	1	0.042866	0.323543	0.010064	0.058666
166	044914:5707994	0	1	0.140666	0.771811	0.016980	0.053640
166	044914:5707994	1	2	0.859334	0.228189	0.016980	0.053640
167	044914:5708146	0	1	0.350990	0.906293	0.024001	0.037647
167	044914:5708146	1	2	0.649010	0.093707	0.024001	0.037647
168	044914:25869784	0	1	0.082572	0.651868	0.013997	0.065487
168	044914:25869784	1	2	0.917428	0.348132	0.013997	0.065487
169	044914:26769257	0	1	0.261539	0.829480	0.021550	0.047567
169	044914:26769257	1	2	0.738461	0.170520	0.021550	0.047567
170	044914:29183785	0	2	0.998746	0.851045	0.001772	0.049912
170	044914:29183785	1	1	0.001254	0.148955	0.001772	0.049912
171	044914:34833729	0	1	0.252714	0.785098	0.021540	0.055807
171	044914:34833729	1	2	0.747286	0.214902	0.021540	0.055807
172	044914:42248289	0	2	0.993795	0.829729	0.003955	0.047619
172	044914:42248289	1	1	0.006205	0.170271	0.003955	0.047619
173	044914:48578852	0	2	0.686597	0.095786	0.023850	0.038461
173	044914:48578852	1	1	0.313403	0.904214	0.023850	0.038461
174	044914:50717760	0	2	0.971692	0.657151	0.008682	0.060581
174	044914:50717760	1	1	0.028308	0.342849	0.008682	0.060581
175	044915:2284380	0	2	0.983654	0.653499	0.007010	0.078249
175	044915:2284380	1	1	0.016346	0.346501	0.007010	0.078249
176	044915:2284518	0	2	0.862130	0.474994	0.017468	0.081519
176	044915:2284518	1	1	0.137870	0.525006	0.017468	0.081519
177	044915:4423807	0	2	0.995415	0.230971	0.003694	0.054567
177	044915:4423807	1	1	0.004585	0.769029	0.003694	0.054567
178	044915:4426146	0	2	0.746869	0.009642	0.023370	0.013442
178	044915:4426146	1	1	0.253131	0.990358	0.023370	0.013442
179	044915:4429670	0	2	0.691137	0.012983	0.024600	0.017967
179	044915:4429670	1	1	0.308863	0.987017	0.024600	0.017967
180	044915:7700865	0	1	0.309902	0.858848	0.022518	0.047174
180	044915:7700865	1	2	0.690098	0.141152	0.022518	0.047174
181	044915:7704161	0	1	0.305404	0.840539	0.022278	0.046941
181	044915:7704161	1	2	0.694596	0.159461	0.022278	0.046941
182	044915:11359762	0	2	0.933432	0.456099	0.012264	0.062254
182	044915:11359762	1	1	0.066568	0.543901	0.012264	0.062254
183	044915:12090771	0	1	0.324387	0.954321	0.022944	0.028235
183	044915:12090771	1	2	0.675613	0.045679	0.022944	0.028235
184	044915:19780177	0	2	0.738393	0.024580	0.021284	0.020160
184	044915:19780177	1	1	0.261607	0.975420	0.021284	0.020160
185	044915:19965250	0	1	0.285334	0.975912	0.022575	0.019787
185	044915:19965250	1	2	0.714666	0.024088	0.022575	0.019787
186	044915:19966710	0	1	0.307150	0.975937	0.022765	0.019793
186	044915:19966710	1	2	0.692850	0.024063	0.022765	0.019793
187	044915:23117028	0	2	0.730483	0.170809	0.021667	0.050070
187	044915:23117028	1	1	0.269517	0.829191	0.021667	0.050070
188	044915:23117901	0	2	0.727403	0.166495	0.021866	0.051719
188	044915:23117901	1	1	0.272597	0.833505	0.021866	0.051719
189	044915:23605999	0	2	0.809876	0.384791	0.019745	0.062215
189	044915:23605999	1	1	0.190124	0.615209	0.019745	0.062215
190	044915:30898347	0	1	0.130878	0.668021	0.016403	0.060251
190	044915:30898347	1	2	0.869122	0.331979	0.016403	0.060251
191	044915:32421537	0	2	0.842349	0.422969	0.017732	0.062485
191	044915:32421537	1	1	0.157651	0.577031	0.017732	0.062485
192	044915:33227150	0	2	0.815306	0.102339	0.019160	0.040909
192	044915:33227150	1	1	0.184694	0.897661	0.019160	0.040909
193	044915:33229035	0	1	0.236565	0.782525	0.020735	0.053631
193	044915:33229035	1	2	0.763435	0.217475	0.020735	0.053631
194	044915:33229099	0	1	0.216343	0.748196	0.020701	0.058136
194	044915:33229099	1	2	0.783657	0.251804	0.020701	0.058136
195	044915:37911750	0	2	0.992017	0.739644	0.004390	0.055068
195	044915:37911750	1	1	0.007983	0.260356	0.004390	0.055068
196	044915:40182248	0	2	0.697593	0.062764	0.024179	0.032354
196	044915:40182248	1	1	0.302407	0.937236	0.024179	0.032354
197	044915:40183877	0	2	0.995642	0.448652	0.003395	0.062967
197	044915:40183877	1	1	0.004358	0.551348	0.003395	0.062967
198	022155009:14785	0	1	0.240510	0.822487	0.021934	0.061665
198	022155009:14785	1	2	0.759490	0.177513	0.021934	0.061665
199	022155009:14811	0	1	0.203544	0.781972	0.020770	0.068182
199	022155009:14811	1	2	0.796456	0.218028	0.020770	0.068182
