ind_ID spp Pure_alb Pure_bic F1 F2 Bx1_alb Bx1_bic Bx2_alb Bx2_bic Bx3_alb Bx3_bic
QUE001354_bic bic 0 0.9999 0 0 0 0 0 0 0 1e-04
QUE001355_bic bic 0 0.99999 0 0 0 0 0 0 0 1e-05
QUE001356_bic bic 0 0.99996 0 0 0 0 0 0 0 4e-05
QUE001357_bic bic 0 0.99998 0 0 0 0 0 0 0 2e-05
QUE001360_bic bic 0 0.99999 0 0 0 0 0 0 0 1e-05
QUE001366_bic bic 0 0.99999 0 0 0 0 0 0 0 1e-05
QUE001368_bic bic 0 0.99995 0 0 0 0 0 0 0 5e-05
QUE001375_bic bic 0 1 0 0 0 0 0 0 0 0
QUE001386_bic bic 0 0.99999 0 0 0 0 0 0 0 1e-05
QUE001527_bic bic 0 0.99986 0 0 0 0 0 0 0 0.00014
QUE001528_bic bic 0 0.9999 0 0 0 0 0 0 0 1e-04
QUE001529_bic bic 0 1 0 0 0 0 0 0 0 0
QUE001534_bic bic 0 0.99992 0 0 0 0 0 0 0 8e-05
QUE001538_bic bic 0 1 0 0 0 0 0 0 0 0
QUE001539_bic bic 0 1 0 0 0 0 0 0 0 0
QUE001543_bic bic 0 1 0 0 0 0 0 0 0 0
QUE001545_bic bic 0 0.99998 0 0 0 0 0 0 0 2e-05
QUE001463_alb alb 0.99999 0 0 0 0 0 0 0 1e-05 0
QUE001550_bic bic 0 0.99992 0 0 0 0 0 0 0 8e-05
QUE001552_bic bic 0 0.99999 0 0 0 0 0 0 0 1e-05
QUE001553_bic bic 0 0.99999 0 0 0 0 0 0 0 1e-05
QUE001555_bic bic 0 0.99952 0 0 0 0 0 0 0 0.00048
QUE001388_bic bic 0 0.99789 0 0 0 0 0 1e-05 0 0.0021
QUE001758_alb alb 0.99998 0 0 0 0 0 0 0 2e-05 0
QUE001815_alb alb 0.99996 0 0 0 0 0 0 0 4e-05 0
QUE001918_alb alb 0.99997 0 0 0 0 0 0 0 3e-05 0
QUE001932_alb alb 0.99976 0 0 0 0 0 0 0 0.00024 0
QUE002075_alb alb 0.9992 0 0 0 0 0 1e-05 0 8e-04 0
QUE002091_alb alb 0.99997 0 0 0 0 0 0 0 3e-05 0
QUE002108_alb alb 0.99999 0 0 0 0 0 0 0 1e-05 0
QUE002121_alb alb 0.99997 0 0 0 0 0 0 0 3e-05 0
QUE002138_alb alb 0.99995 0 0 0 0 0 0 0 5e-05 0
QUE002196_bic bic 0 0.99996 0 0 0 0 0 0 0 4e-05
QUE002210_alb alb 0.99954 0 0 0 0 0 0 0 0.00046 0
QUE002253_alb alb 0.99996 0 0 0 0 0 0 0 4e-05 0
QUE002337_alb alb 1 0 0 0 0 0 0 0 0 0
QUE002355_alb alb 0.99997 0 0 0 0 0 0 0 3e-05 0
QUE002399_alb alb 0.99998 0 0 0 0 0 0 0 2e-05 0
QUE002493_alb alb 0.99927 0 0 0 0 0 3e-05 0 7e-04 0
QUE002526_alb alb 0.99995 0 0 0 0 0 0 0 5e-05 0
QUE002528_bic bic 0 0.99972 0 0 0 0 0 0 0 0.00028
QUE002535_alb alb 0.99999 0 0 0 0 0 0 0 1e-05 0
QUE002370_alb alb 0.99992 0 0 0 0 0 0 0 8e-05 0
QUE002375_alb alb 0.99196 0 0 0 0 0 0.00037 0 0.00767 0
QUE001846_alb alb 0.99998 0 0 0 0 0 0 0 2e-05 0
QUE001943_alb alb 0.99984 0 0 0 0 0 0 0 0.00016 0
QUE002109_alb alb 0.99977 0 0 0 0 0 0 0 0.00023 0
QUE002124_alb alb 0.99996 0 0 0 0 0 0 0 4e-05 0
QUE002128_alb alb 0.99997 0 0 0 0 0 0 0 3e-05 0
QUE002176_alb alb 0.99999 0 0 0 0 0 0 0 1e-05 0
QUE002216_alb alb 0.99935 0 0 0 0 0 3e-05 0 0.00063 0
QUE002225_alb alb 0.99997 0 0 0 0 0 0 0 3e-05 0
QUE002232_alb alb 0.99984 0 0 0 0 0 0 0 0.00015 0
QUE002261_alb alb 0.99982 0 0 0 0 0 0 0 0.00018 0
QUE002269_alb alb 0.99999 0 0 0 0 0 0 0 1e-05 0
QUE002275_alb alb 0.99998 0 0 0 0 0 0 0 2e-05 0
QUE002313_alb alb 0.99999 0 0 0 0 0 0 0 1e-05 0
QUE002314_alb alb 0.99987 0 0 0 0 0 0 0 0.00013 0
QUE002315_alb alb 0.99995 0 0 0 0 0 0 0 5e-05 0
QUE002319_alb alb 0.99998 0 0 0 0 0 0 0 2e-05 0
QUE002324_alb alb 0.99984 0 0 0 0 0 0 0 0.00016 0
QUE002339_alb alb 0.99999 0 0 0 0 0 0 0 1e-05 0
QUE002342_alb alb 0.99975 0 0 0 0 0 0 0 0.00025 0
QUE002346_alb alb 0.99998 0 0 0 0 0 0 0 2e-05 0
QUE002351_alb alb 0.999 0 0 0 0 0 1e-05 0 0.001 0
QUE002362_alb alb 0.99999 0 0 0 0 0 0 0 1e-05 0
QUE002383_alb alb 0.99999 0 0 0 0 0 0 0 1e-05 0
QUE002392_alb alb 0.9906 0 0 0 0 0 0.00071 0 0.00868 0
QUE002410_alb alb 0.99994 0 0 0 0 0 0 0 6e-05 0
QUE002416_alb alb 0.99997 0 0 0 0 0 0 0 3e-05 0
QUE002422_alb alb 0.99994 0 0 0 0 0 0 0 6e-05 0
QUE002487_alb alb 0.99837 0 0 0 0 0 4e-05 0 0.00159 0
QUE002494_alb alb 0.99999 0 0 0 0 0 0 0 1e-05 0
QUE002495_alb alb 0.99997 0 0 0 0 0 0 0 3e-05 0
QUE002503_alb alb 0.99998 0 0 0 0 0 0 0 2e-05 0
QUE002511_alb alb 0.99969 0 0 0 0 0 0 0 3e-04 0
QUE002522_alb alb 0.99993 0 0 0 0 0 0 0 7e-05 0
QUE002529_bic bic 0 0.99999 0 0 0 0 0 0 0 1e-05
QUE002531_bic bic 0 0.99995 0 0 0 0 0 0 0 5e-05
QUE002534_alb alb 0.99999 0 0 0 0 0 0 0 1e-05 0
QUE002544_alb alb 0.99995 0 0 0 0 0 0 0 5e-05 0
QUE002555_alb alb 0.99996 0 0 0 0 0 0 0 4e-05 0
QUE002556_bic bic 0 0.99994 0 0 0 0 0 0 0 6e-05
QUE001654_alb alb 0.99998 0 0 0 0 0 0 0 2e-05 0
