ind_ID spp Pure_alb Pure_mac F1 F2 Bx1_alb Bx1_mac Bx2_alb Bx2_mac Bx3_alb Bx3_mac
QUE002637_mac mac 0 0.99991 0 0 0 0 0 0 0 9e-05
QUE002631_mac mac 0 0.99985 0 0 0 0 0 0 0 0.00015
QUE002647_mac mac 0 0.99991 0 0 0 0 0 0 0 9e-05
QUE002613_mac mac 0 1 0 0 0 0 0 0 0 0
QUE002614_mac mac 0 0.9997 0 0 0 0 0 0 0 3e-04
QUE002616_mac mac 0 0.99976 0 0 0 0 0 0 0 0.00024
QUE002617_mac mac 0 0.99998 0 0 0 0 0 0 0 2e-05
QUE002599_mac mac 0 0.99999 0 0 0 0 0 0 0 1e-05
QUE002628_mac mac 0 0.99997 0 0 0 0 0 0 0 3e-05
QUE002601_mac mac 0 0.99978 0 0 0 0 0 0 0 0.00022
QUE002638_mac mac 0 0.99991 0 0 0 0 0 0 0 9e-05
QUE002615_mac mac 0 0.99996 0 0 0 0 0 0 0 4e-05
QUE002595_mac mac 0 1 0 0 0 0 0 0 0 0
QUE002634_mac mac 0 0.99998 0 0 0 0 0 0 0 2e-05
QUE002590_mac mac 0 0.99985 0 0 0 0 0 0 0 0.00015
QUE002608_mac mac 0 0.99999 0 0 0 0 0 0 0 1e-05
QUE002641_mac mac 0 0.99993 0 0 0 0 0 0 0 7e-05
QUE001334_mac mac 0 0.99992 0 0 0 0 0 0 0 8e-05
QUE001337_mac mac 0 0.99989 0 0 0 0 0 0 0 0.00011
QUE001338_mac mac 0 0.99999 0 0 0 0 0 0 0 1e-05
QUE001339_mac mac 0 0.99996 0 0 0 0 0 0 0 4e-05
QUE001342_mac mac 0 0.99991 0 0 0 0 0 0 0 9e-05
QUE001343_mac mac 0 0.99996 0 0 0 0 0 0 0 4e-05
QUE001344_mac mac 0 0 1 0 0 0 0 0 0 0
QUE001345_mac mac 0 0.99999 0 0 0 0 0 0 0 1e-05
QUE001346_mac mac 0 0.9999 0 0 0 0 0 0 0 1e-04
QUE001347_mac mac 0 0.99997 0 0 0 0 0 0 0 3e-05
QUE001348_mac mac 0 0.99956 0 0 0 0 0 0 0 0.00044
QUE001350_mac mac 0 0.99624 0 0 0 0 0 1e-05 0 0.00375
QUE001351_mac mac 0 0.99961 0 0 0 0 0 0 0 0.00039
QUE001352_mac mac 0 0.99825 0 0 0 0 0 2e-05 0 0.00173
QUE001370_mac mac 0 0.99953 0 0 0 0 0 0 0 0.00046
QUE001371_mac mac 0 0.99997 0 0 0 0 0 0 0 3e-05
QUE001372_mac mac 0 0.99986 0 0 0 0 0 0 0 0.00014
QUE001487_mac mac 0 0.99997 0 0 0 0 0 0 0 3e-05
QUE001526_mac mac 0 0.99993 0 0 0 0 0 0 0 7e-05
QUE001530_mac mac 0 0.99997 0 0 0 0 0 0 0 3e-05
QUE001532_mac mac 0 0.99998 0 0 0 0 0 0 0 2e-05
QUE001533_mac mac 0 0.99995 0 0 0 0 0 0 0 5e-05
QUE001536_mac mac 0 0.99962 0 0 0 0 0 0 0 0.00038
QUE001541_mac mac 0 0.99997 0 0 0 0 0 0 0 3e-05
QUE001542_mac mac 0 0.99971 0 0 0 0 0 0 0 0.00029
QUE001547_mac mac 0 0.99975 0 0 0 0 0 0 0 0.00025
QUE001548_mac mac 0 0.99999 0 0 0 0 0 0 0 1e-05
QUE001549_mac mac 0 0.99998 0 0 0 0 0 0 0 2e-05
QUE001463_alb alb 0.99996 0 0 0 0 0 0 0 4e-05 0
QUE001551_mac mac 0 0.99996 0 0 0 0 0 0 0 4e-05
QUE001554_mac mac 0 0.99984 0 0 0 0 0 0 0 0.00016
QUE001556_mac mac 0 0.99991 0 0 0 0 0 0 0 9e-05
QUE001758_alb alb 0.99933 0 0 0 0 0 0 0 0.00067 0
QUE001759_mac mac 0 0.99974 0 0 0 0 0 0 0 0.00025
QUE001804_mac mac 0 0.99998 0 0 0 0 0 0 0 2e-05
QUE001814_mac mac 0 0.99999 0 0 0 0 0 0 0 1e-05
QUE001815_alb alb 0.99978 0 0 0 0 0 0 0 0.00022 0
QUE001841_alb alb 0 0 0 0 0.00027 0 0.74614 0 0.25359 0
QUE001863_mac mac 0 0.99996 0 0 0 0 0 0 0 4e-05
QUE001916_mac mac 0 0.99997 0 0 0 0 0 0 0 3e-05
QUE001918_alb alb 0.99995 0 0 0 0 0 0 0 5e-05 0
QUE001932_alb alb 0.99991 0 0 0 0 0 0 0 9e-05 0
QUE001933_mac mac 0 0.99813 0 0 0 0 0 1e-05 0 0.00186
QUE001783_mac mac 0 0.99937 0 0 0 0 0 0 0 0.00063
QUE001880_mac mac 0 0.99994 0 0 0 0 0 0 0 6e-05
QUE001907_mac mac 0 0.99978 0 0 0 0 0 0 0 0.00022
QUE001937_mac mac 0 0.99979 0 0 0 0 0 0 0 0.00021
QUE001963_mac mac 0 0.99999 0 0 0 0 0 0 0 1e-05
QUE001971_mac mac 0 0.99997 0 0 0 0 0 0 0 3e-05
QUE001982_mac mac 0 0.91711 0 0 0 0 0 0.00257 0 0.08032
QUE002057_mac mac 0 0.99997 0 0 0 0 0 0 0 3e-05
QUE002074_mac mac 0 0.99921 0 0 0 0 0 0 0 0.00079
QUE002075_alb alb 0.99917 0 0 0 0 0 0 0 0.00083 0
QUE002081_mac mac 0 1 0 0 0 0 0 0 0 0
QUE002082_mac mac 0 0.99937 0 0 0 0 0 0 0 0.00063
QUE002085_mac mac 0 0.99988 0 0 0 0 0 0 0 0.00012
QUE002091_alb alb 0.99947 0 0 0 0 0 0 0 0.00053 0
QUE002105_mac mac 0 0.99937 0 0 0 0 0 0 0 0.00063
QUE002108_alb alb 0.99998 0 0 0 0 0 0 0 2e-05 0
QUE002121_alb alb 0.99858 0 0 0 0 0 0 0 0.00141 0
QUE002129_mac mac 0 0.99995 0 0 0 0 0 0 0 5e-05
QUE002138_alb alb 0.99942 0 0 0 0 0 1e-05 0 0.00057 0
QUE002154_mac mac 0 0.99993 0 0 0 0 0 0 0 7e-05
QUE002187_mac mac 0 0.99994 0 0 0 0 0 0 0 6e-05
QUE002210_alb alb 0.99994 0 0 0 0 0 0 0 6e-05 0
QUE002251_mac mac 0 0.99998 0 0 0 0 0 0 0 2e-05
QUE002253_alb alb 0.99656 0 0 0 0 0 3e-05 0 0.00341 0
QUE002302_mac mac 0 0.99976 0 0 0 0 0 0 0 0.00024
QUE002304_mac mac 0 0.99998 0 0 0 0 0 0 0 2e-05
QUE002336_mac mac 0 0.99987 0 0 0 0 0 0 0 0.00013
QUE002337_alb alb 0.99973 0 0 0 0 0 0 0 0.00027 0
QUE002355_alb alb 0.99998 0 0 0 0 0 0 0 2e-05 0
QUE002367_mac mac 0 0.99998 0 0 0 0 0 0 0 2e-05
QUE002399_alb alb 0.99584 0 0 0 0 0 7e-05 0 0.00409 0
QUE002400_mac mac 0 0.9996 0 0 0 0 0 0 0 4e-04
QUE002424_mac mac 0 0.99952 0 0 0 0 0 0 0 0.00048
QUE002471_mac mac 0 0.99892 0 0 0 0 0 0 0 0.00108
QUE002480_mac mac 0 0.9999 0 0 0 0 0 0 0 1e-04
QUE002493_alb alb 0.9992 0 0 0 0 0 1e-05 0 0.00079 0
QUE002526_alb alb 0.99971 0 0 0 0 0 0 0 0.00029 0
QUE002535_alb alb 0.99997 0 0 0 0 0 0 0 3e-05 0
QUE002579_mac mac 0 0.99935 0 0 0 0 0 0 0 0.00065
QUE002364_mac mac 0 1 0 0 0 0 0 0 0 0
QUE002369_mac mac 0 0.99876 0 0 0 0 0 0 0 0.00124
QUE002370_alb alb 0.99986 0 0 0 0 0 0 0 0.00014 0
QUE002371_mac mac 0 0.99997 0 0 0 0 0 0 0 3e-05
QUE002373_mac mac 0 0.99987 0 0 0 0 0 0 0 0.00013
QUE002374_mac mac 0 0.99959 0 0 0 0 0 0 0 0.00041
QUE002375_alb alb 0.03085 0 0 0 0 0 0.59341 0 0.37574 0
QUE001610_mac mac 0 0.99683 0 0 0 0 0 4e-05 0 0.00313
QUE001796_mac mac 0 0.99992 0 0 0 0 0 0 0 8e-05
QUE001846_alb alb 0.9997 0 0 0 0 0 0 0 0.00029 0
QUE001878_mac mac 0 0.99983 0 0 0 0 0 0 0 0.00017
QUE001885_alb alb 0 0 1 0 0 0 0 0 0 0
QUE001900_mac mac 0 0.99967 0 0 0 0 0 0 0 0.00033
QUE001904_mac mac 0 0.99936 0 0 0 0 0 0 0 0.00063
QUE001912_mac mac 0 0.99974 0 0 0 0 0 0 0 0.00026
QUE001920_alb alb 0 0 0.99999 1e-05 0 0 0 0 0 0
QUE001922_mac mac 0 0 1 0 0 0 0 0 0 0
QUE001924_mac mac 0 0.99831 0 0 0 0 0 2e-05 0 0.00167
QUE001928_mac mac 0 0.99998 0 0 0 0 0 0 0 2e-05
QUE001929_mac mac 0 0.99982 0 0 0 0 0 0 0 0.00018
QUE001936_mac mac 0 0.99999 0 0 0 0 0 0 0 1e-05
QUE001943_alb alb 0.99987 0 0 0 0 0 0 0 0.00013 0
QUE001959_mac mac 0 0.99992 0 0 0 0 0 0 0 8e-05
QUE001969_mac mac 0 0.99996 0 0 0 0 0 0 0 4e-05
QUE001980_mac mac 0 0.99998 0 0 0 0 0 0 0 2e-05
QUE001985_mac mac 0 0.99988 0 0 0 0 0 0 0 0.00012
QUE002058_mac mac 0 0.99927 0 0 0 0 0 0 0 0.00072
QUE002068_mac mac 0 0.99995 0 0 0 0 0 0 0 5e-05
QUE002069_mac mac 0 0.99909 0 0 0 0 0 1e-05 0 9e-04
QUE002072_mac mac 0 0.9997 0 0 0 0 0 0 0 3e-04
QUE002073_mac mac 0 0.99909 0 0 0 0 0 0 0 9e-04
QUE002076_mac mac 0 0.99912 0 0 0 0 0 1e-05 0 0.00087
QUE002083_mac mac 0 0.99961 0 0 0 0 0 0 0 0.00039
QUE002084_mac mac 0 0.99905 0 0 0 0 0 1e-05 0 0.00094
QUE002087_mac mac 0 0.99975 0 0 0 0 0 0 0 0.00025
QUE002096_mac mac 0 0.99987 0 0 0 0 0 0 0 0.00013
QUE002106_mac mac 0 0 1 0 0 0 0 0 0 0
QUE002109_alb alb 0.9999 0 0 0 0 0 0 0 1e-04 0
QUE002110_mac mac 0 0.99968 0 0 0 0 0 0 0 0.00032
QUE002114_mac mac 0 0.99986 0 0 0 0 0 0 0 0.00014
QUE002119_mac mac 0 0.99989 0 0 0 0 0 0 0 0.00011
QUE002124_alb alb 0.9999 0 0 0 0 0 0 0 1e-04 0
QUE002128_alb alb 0.99997 0 0 0 0 0 0 0 3e-05 0
QUE002135_mac mac 0 0.95798 0 0 0 0 0 0.00263 0 0.03939
QUE002136_mac mac 0 0.99984 0 0 0 0 0 0 0 0.00016
QUE002147_mac mac 0 0.99989 0 0 0 0 0 0 0 0.00011
QUE002148_mac mac 0 0.99981 0 0 0 0 0 0 0 0.00019
QUE002149_alb alb 0 0 1 0 0 0 0 0 0 0
QUE002151_mac mac 0 0.99992 0 0 0 0 0 0 0 8e-05
QUE002159_mac mac 0 0.97803 0 0 0 0 0 0.00091 0 0.02106
QUE002160_mac mac 0 0.99989 0 0 0 0 0 0 0 0.00011
QUE002161_mac mac 0 0.99998 0 0 0 0 0 0 0 2e-05
QUE002166_mac mac 0 0.96257 0 0 0 0 0 0.00041 0 0.03702
QUE002170_mac mac 0 0.99975 0 0 0 0 0 0 0 0.00025
QUE002175_mac mac 0 0.99991 0 0 0 0 0 0 0 9e-05
QUE002176_alb alb 0.99904 0 0 0 0 0 0 0 0.00096 0
QUE002194_mac mac 0 0.99973 0 0 0 0 0 0 0 0.00027
QUE002202_mac mac 0 0.96443 0 0 0 0 0 0.00054 0 0.03504
QUE002216_alb alb 0.99997 0 0 0 0 0 0 0 3e-05 0
QUE002225_alb alb 0.99853 0 0 0 0 0 1e-05 0 0.00146 0
QUE002232_alb alb 0.99997 0 0 0 0 0 0 0 3e-05 0
QUE002256_mac mac 0 0.99904 0 0 0 0 0 0 0 0.00096
QUE002261_alb alb 0.99994 0 0 0 0 0 0 0 6e-05 0
QUE002265_mac mac 0 0.99999 0 0 0 0 0 0 0 1e-05
QUE002268_mac mac 0 0.99998 0 0 0 0 0 0 0 2e-05
QUE002269_alb alb 0.99994 0 0 0 0 0 0 0 6e-05 0
QUE002275_alb alb 0.99952 0 0 0 0 0 0 0 0.00047 0
QUE002291_mac mac 0 0.99999 0 0 0 0 0 0 0 1e-05
QUE002299_mac mac 0 0.99979 0 0 0 0 0 0 0 0.00021
QUE002313_alb alb 0.95212 0 0 0 0 0 0.00112 0 0.04676 0
QUE002314_alb alb 0.99995 0 0 0 0 0 0 0 5e-05 0
QUE002315_alb alb 0.99995 0 0 0 0 0 0 0 5e-05 0
QUE002319_alb alb 0.99992 0 0 0 0 0 0 0 8e-05 0
QUE002324_alb alb 0.99999 0 0 0 0 0 0 0 1e-05 0
QUE002338_mac mac 0 0.99712 0 0 0 0 0 0 0 0.00288
QUE002339_alb alb 0.99969 0 0 0 0 0 0 0 0.00031 0
QUE002341_mac mac 0 0.75669 0 0 0 0 0 0.00401 0 0.2393
QUE002342_alb alb 0.99989 0 0 0 0 0 0 0 0.00011 0
QUE002346_alb alb 0.99999 0 0 0 0 0 0 0 1e-05 0
QUE002351_alb alb 0.99996 0 0 0 0 0 0 0 4e-05 0
QUE002362_alb alb 0.99993 0 0 0 0 0 0 0 7e-05 0
QUE002379_mac mac 0 0.99995 0 0 0 0 0 0 0 5e-05
QUE002383_alb alb 0.99993 0 0 0 0 0 0 0 7e-05 0
QUE002384_mac mac 0 0.99999 0 0 0 0 0 0 0 1e-05
QUE002385_alb alb 0 0 1 0 0 0 0 0 0 0
QUE002392_alb alb 0.99999 0 0 0 0 0 0 0 1e-05 0
QUE002393_mac mac 0 0.99991 0 0 0 0 0 0 0 9e-05
QUE002404_mac mac 0 0.99997 0 0 0 0 0 0 0 3e-05
QUE002410_alb alb 0.99952 0 0 0 0 0 0 0 0.00048 0
QUE002411_mac mac 0 0.99999 0 0 0 0 0 0 0 1e-05
QUE002416_alb alb 0.99979 0 0 0 0 0 0 0 0.00021 0
QUE002417_mac mac 0 0.99998 0 0 0 0 0 0 0 2e-05
QUE002422_alb alb 0.91914 0 0 0 0 0 0.00468 0 0.07618 0
QUE002427_mac mac 0 0.99997 0 0 0 0 0 0 0 3e-05
QUE002430_mac mac 0 0.99997 0 0 0 0 0 0 0 3e-05
QUE002433_mac mac 0 0.99997 0 0 0 0 0 0 0 3e-05
QUE002443_mac mac 0 0.99998 0 0 0 0 0 0 0 2e-05
QUE002445_mac mac 0 0.99994 0 0 0 0 0 0 0 6e-05
QUE002450_mac mac 0 0.99999 0 0 0 0 0 0 0 1e-05
QUE002453_mac mac 0 0.99996 0 0 0 0 0 0 0 4e-05
QUE002454_mac mac 0 0.99938 0 0 0 0 0 0 0 0.00061
QUE002459_mac mac 0 0.99992 0 0 0 0 0 0 0 8e-05
QUE002460_mac mac 0 0.99998 0 0 0 0 0 0 0 2e-05
QUE002467_mac mac 0 0.99999 0 0 0 0 0 0 0 1e-05
QUE002474_mac mac 0 0.99999 0 0 0 0 0 0 0 1e-05
QUE002478_mac mac 0 0.99999 0 0 0 0 0 0 0 1e-05
QUE002487_alb alb 0.99936 0 0 0 0 0 0 0 0.00064 0
QUE002492_mac mac 0 0.99829 0 0 0 0 0 1e-05 0 0.0017
QUE002494_alb alb 0.99996 0 0 0 0 0 0 0 4e-05 0
QUE002495_alb alb 0.99799 0 0 0 0 0 1e-05 0 0.00199 0
QUE002496_mac mac 0 0.99999 0 0 0 0 0 0 0 1e-05
QUE002502_mac mac 0 0.99989 0 0 0 0 0 0 0 0.00011
QUE002503_alb alb 0.99994 0 0 0 0 0 0 0 6e-05 0
QUE002510_mac mac 0 0.99926 0 0 0 0 0 0 0 0.00074
QUE002511_alb alb 0.99992 0 0 0 0 0 0 0 8e-05 0
QUE002515_mac mac 0 0.99998 0 0 0 0 0 0 0 2e-05
QUE002518_mac mac 0 0.99986 0 0 0 0 0 0 0 0.00014
QUE002520_mac mac 0 0.99984 0 0 0 0 0 0 0 0.00016
QUE002521_mac mac 0 0.99994 0 0 0 0 0 0 0 6e-05
QUE002522_alb alb 0.99993 0 0 0 0 0 0 0 7e-05 0
QUE002533_mac mac 0 0.99999 0 0 0 0 0 0 0 1e-05
QUE002534_alb alb 0.99992 0 0 0 0 0 0 0 8e-05 0
QUE002542_mac mac 0 0.99997 0 0 0 0 0 0 0 3e-05
QUE002544_alb alb 0.99946 0 0 0 0 0 0 0 0.00053 0
QUE002555_alb alb 0.99996 0 0 0 0 0 0 0 4e-05 0
QUE002558_mac mac 0 0.99996 0 0 0 0 0 0 0 4e-05
QUE002559_mac mac 0 0.99996 0 0 0 0 0 0 0 4e-05
QUE002560_mac mac 0 0.99926 0 0 0 0 0 0 0 0.00074
QUE002564_mac mac 0 0.99994 0 0 0 0 0 0 0 6e-05
QUE002581_mac mac 0 0.98784 0 0 0 0 0 0.00039 0 0.01177
QUE002570_mac mac 0 0.99979 0 0 0 0 0 0 0 0.00021
QUE001632_mac mac 0 0.99903 0 0 0 0 0 1e-05 0 0.00096
QUE001635_mac mac 0 0.99989 0 0 0 0 0 0 0 0.00011
QUE001636_mac mac 0 0.99993 0 0 0 0 0 0 0 7e-05
QUE001638_mac mac 0 0.99983 0 0 0 0 0 0 0 0.00017
QUE001644_mac mac 0 0.99998 0 0 0 0 0 0 0 2e-05
QUE001645_mac mac 0 0.99997 0 0 0 0 0 0 0 3e-05
QUE001647_mac mac 0 0.99998 0 0 0 0 0 0 0 2e-05
QUE001648_mac mac 0 0.99993 0 0 0 0 0 0 0 7e-05
QUE001651_mac mac 0 0.99997 0 0 0 0 0 0 0 3e-05
QUE001654_alb alb 0.99997 0 0 0 0 0 0 0 3e-05 0
QUE001656_mac mac 0 0.99999 0 0 0 0 0 0 0 1e-05
QUE001658_mac mac 0 0.99987 0 0 0 0 0 0 0 0.00013
QUE001661_mac mac 0 0.99903 0 0 0 0 0 1e-05 0 0.00096
QUE001664_mac mac 0 0.99977 0 0 0 0 0 0 0 0.00023
QUE001667_mac mac 0 0.99775 0 0 0 0 0 1e-05 0 0.00223
QUE001668_mac mac 0 0.99992 0 0 0 0 0 0 0 8e-05
QUE001676_mac mac 0 0.99992 0 0 0 0 0 0 0 8e-05
QUE001677_mac mac 0 0.99996 0 0 0 0 0 0 0 4e-05
QUE001678_mac mac 0 0.99995 0 0 0 0 0 0 0 5e-05
QUE001679_mac mac 0 0.99994 0 0 0 0 0 0 0 6e-05
QUE001684_mac mac 0 0.99983 0 0 0 0 0 0 0 0.00017
QUE001686_mac mac 0 0.99979 0 0 0 0 0 0 0 0.00021
QUE001687_mac mac 0 0.99981 0 0 0 0 0 0 0 0.00019
QUE001690_mac mac 0 0.99974 0 0 0 0 0 0 0 0.00026
QUE001691_mac mac 0 0.99998 0 0 0 0 0 0 0 2e-05
QUE001697_mac mac 0 0.99983 0 0 0 0 0 0 0 0.00017
QUE001700_mac mac 0 0.99999 0 0 0 0 0 0 0 1e-05
QUE001705_mac mac 0 0.99987 0 0 0 0 0 0 0 0.00013
QUE001706_mac mac 0 0.99987 0 0 0 0 0 0 0 0.00013
QUE001713_mac mac 0 0.99996 0 0 0 0 0 0 0 4e-05
QUE001716_mac mac 0 0.99989 0 0 0 0 0 0 0 0.00011
QUE001719_mac mac 0 0.99909 0 0 0 0 0 0 0 9e-04
QUE001721_mac mac 0 0.99995 0 0 0 0 0 0 0 5e-05
QUE001723_mac mac 0 0.99997 0 0 0 0 0 0 0 3e-05
QUE001724_mac mac 0 0.99996 0 0 0 0 0 0 0 4e-05
QUE001652_mac mac 0 0.9897 0 0 0 0 0 0.00019 0 0.01012
QUE001655_mac mac 0 0.99993 0 0 0 0 0 0 0 7e-05
QUE001670_mac mac 0 0.99927 0 0 0 0 0 1e-05 0 0.00072
QUE001673_mac mac 0 0.99979 0 0 0 0 0 0 0 0.00021
QUE001680_mac mac 0 0.99995 0 0 0 0 0 0 0 5e-05
QUE001682_mac mac 0 0.99999 0 0 0 0 0 0 0 1e-05
