UponCompletionOf_600000_sweeps
LocNumber LocName AlleleNumber AlleleName FreqInPop0 FreqInPop1 SDInPop0 SDinPop1
0	044904:9750168	0	2	0.023693	0.996220	0.023539	0.003075
0	044904:9750168	1	1	0.976307	0.003780	0.023539	0.003075
1	044904:9750181	0	2	0.024704	0.717783	0.024241	0.022612
1	044904:9750181	1	1	0.975296	0.282217	0.024241	0.022612
2	044904:15928190	0	2	0.677211	0.968670	0.069411	0.009079
2	044904:15928190	1	1	0.322789	0.031330	0.069411	0.009079
3	044904:18006028	0	2	0.702863	0.998776	0.064714	0.001728
3	044904:18006028	1	1	0.297137	0.001224	0.064714	0.001728
4	044904:18006934	0	2	0.702960	0.998719	0.064839	0.001807
4	044904:18006934	1	1	0.297040	0.001281	0.064839	0.001807
5	044904:18007715	0	1	0.989560	0.195352	0.014525	0.019873
5	044904:18007715	1	2	0.010440	0.804648	0.014525	0.019873
6	044904:22263150	0	2	0.690376	0.998661	0.067003	0.001891
6	044904:22263150	1	1	0.309624	0.001339	0.067003	0.001891
7	044904:23612026	0	2	0.730658	0.998742	0.067206	0.001776
7	044904:23612026	1	1	0.269342	0.001258	0.067206	0.001776
8	044904:23616689	0	2	0.759038	0.998648	0.061402	0.001911
8	044904:23616689	1	1	0.240962	0.001352	0.061402	0.001911
9	044904:24914709	0	1	0.989583	0.318335	0.014487	0.023075
9	044904:24914709	1	2	0.010417	0.681665	0.014487	0.023075
10	044904:24915852	0	1	0.985848	0.301505	0.018903	0.023241
10	044904:24915852	1	2	0.014152	0.698495	0.018903	0.023241
11	044904:25892609	0	2	0.408154	0.962187	0.082583	0.009749
11	044904:25892609	1	1	0.591846	0.037813	0.082583	0.009749
12	044904:26251457	0	2	0.182934	0.998466	0.059748	0.002162
12	044904:26251457	1	1	0.817066	0.001534	0.059748	0.002162
13	044904:26816381	0	2	0.648539	0.998711	0.068993	0.001816
13	044904:26816381	1	1	0.351461	0.001289	0.068993	0.001816
14	044904:26817562	0	2	0.061736	0.743362	0.036185	0.021652
14	044904:26817562	1	1	0.938264	0.256638	0.036185	0.021652
15	044904:38112572	0	2	0.076052	0.998420	0.038646	0.002228
15	044904:38112572	1	1	0.923948	0.001580	0.038646	0.002228
16	044904:39612059	0	2	0.011383	0.756066	0.015842	0.022492
16	044904:39612059	1	1	0.988617	0.243934	0.015842	0.022492
17	044904:55503851	0	2	0.010415	0.815907	0.014473	0.019226
17	044904:55503851	1	1	0.989585	0.184093	0.014473	0.019226
18	044905:5453764	0	2	0.085040	0.809257	0.043045	0.019980
18	044905:5453764	1	1	0.914960	0.190743	0.043045	0.019980
19	044905:5453775	0	2	0.012348	0.687675	0.017153	0.023609
19	044905:5453775	1	1	0.987652	0.312325	0.017153	0.023609
20	044905:7897726	0	1	0.989569	0.215898	0.014536	0.020530
20	044905:7897726	1	2	0.010431	0.784102	0.014536	0.020530
21	044905:11135702	0	2	0.594792	0.998656	0.072089	0.001901
21	044905:11135702	1	1	0.405208	0.001344	0.072089	0.001901
22	044905:11141326	0	2	0.618594	0.998545	0.075360	0.002056
22	044905:11141326	1	1	0.381406	0.001455	0.075360	0.002056
23	044905:12967290	0	2	0.474397	0.924737	0.075599	0.014321
23	044905:12967290	1	1	0.525603	0.075263	0.075599	0.014321
24	044905:14289680	0	2	0.722804	0.998708	0.063557	0.001825
24	044905:14289680	1	1	0.277196	0.001292	0.063557	0.001825
25	044905:14352195	0	1	0.986057	0.375247	0.018611	0.024753
25	044905:14352195	1	2	0.013943	0.624753	0.018611	0.024753
26	044905:14421528	0	1	0.971077	0.299494	0.028055	0.023521
26	044905:14421528	1	2	0.028923	0.700506	0.028055	0.023521
27	044905:15339959	0	2	0.414936	0.998752	0.070184	0.001762
27	044905:15339959	1	1	0.585064	0.001248	0.070184	0.001762
28	044905:15998026	0	2	0.360743	0.874424	0.103062	0.017788
28	044905:15998026	1	1	0.639257	0.125576	0.103062	0.017788
29	044905:15998591	0	2	0.768612	0.998557	0.068742	0.002038
29	044905:15998591	1	1	0.231388	0.001443	0.068742	0.002038
30	044905:16540806	0	2	0.772667	0.998613	0.064128	0.001963
30	044905:16540806	1	1	0.227333	0.001387	0.064128	0.001963
31	044905:16541075	0	2	0.286692	0.822100	0.066891	0.019045
31	044905:16541075	1	1	0.713308	0.177900	0.066891	0.019045
32	044905:17059318	0	2	0.135301	0.996062	0.051674	0.003203
32	044905:17059318	1	1	0.864699	0.003938	0.051674	0.003203
33	044905:18904762	0	2	0.818075	0.998649	0.055963	0.001906
33	044905:18904762	1	1	0.181925	0.001351	0.055963	0.001906
34	044905:21262197	0	2	0.015383	0.658539	0.020410	0.024916
34	044905:21262197	1	1	0.984617	0.341461	0.020410	0.024916
35	044905:21262938	0	2	0.696850	0.998559	0.091007	0.002037
35	044905:21262938	1	1	0.303150	0.001441	0.091007	0.002037
36	044905:51532802	0	2	0.560783	0.998620	0.070094	0.001951
36	044905:51532802	1	1	0.439217	0.001380	0.070094	0.001951
37	044905:57968695	0	2	0.582843	0.995812	0.071487	0.003406
37	044905:57968695	1	1	0.417157	0.004188	0.071487	0.003406
38	044905:64791887	0	2	0.600327	0.998549	0.069513	0.002050
38	044905:64791887	1	1	0.399673	0.001451	0.069513	0.002050
39	044905:68113434	0	1	0.718203	0.192143	0.064837	0.019845
39	044905:68113434	1	2	0.281797	0.807857	0.064837	0.019845
40	044905:72983031	0	2	0.181230	0.978417	0.055669	0.007319
40	044905:72983031	1	1	0.818770	0.021583	0.055669	0.007319
41	044905:73222722	0	2	0.580977	0.998623	0.075548	0.001945
41	044905:73222722	1	1	0.419023	0.001377	0.075548	0.001945
42	044905:75938415	0	2	0.011572	0.715054	0.016062	0.023538
42	044905:75938415	1	1	0.988428	0.284946	0.016062	0.023538
43	044905:82328999	0	2	0.846164	0.998756	0.051237	0.001753
43	044905:82328999	1	1	0.153836	0.001244	0.051237	0.001753
44	044905:84623164	0	2	0.010397	0.688458	0.014489	0.023503
44	044905:84623164	1	1	0.989603	0.311542	0.014489	0.023503
45	044905:84624433	0	2	0.010563	0.665199	0.014686	0.023584
45	044905:84624433	1	1	0.989437	0.334801	0.014686	0.023584
46	044905:84626433	0	2	0.271714	0.849004	0.080623	0.019015
46	044905:84626433	1	1	0.728286	0.150996	0.080623	0.019015
47	044905:84638717	0	2	0.575234	0.998522	0.072191	0.002089
47	044905:84638717	1	1	0.424766	0.001478	0.072191	0.002089
48	044905:89692512	0	2	0.010388	0.795609	0.014434	0.020151
48	044905:89692512	1	1	0.989612	0.204391	0.014434	0.020151
49	044905:89692602	0	2	0.010778	0.807541	0.014977	0.019628
49	044905:89692602	1	1	0.989222	0.192459	0.014977	0.019628
50	044905:89695352	0	2	0.013027	0.800163	0.017583	0.019791
50	044905:89695352	1	1	0.986973	0.199837	0.017583	0.019791
51	044905:89702023	0	2	0.010191	0.996257	0.014182	0.003052
51	044905:89702023	1	1	0.989809	0.003743	0.014182	0.003052
52	044906:8637195	0	2	0.127951	0.817656	0.055597	0.019770
52	044906:8637195	1	1	0.872049	0.182344	0.055597	0.019770
53	044906:14213539	0	2	0.702871	0.998666	0.064916	0.001889
53	044906:14213539	1	1	0.297129	0.001334	0.064916	0.001889
54	044906:14223186	0	2	0.580346	0.993818	0.070016	0.003893
54	044906:14223186	1	1	0.419654	0.006182	0.070016	0.003893
55	044906:29095452	0	2	0.013130	0.768265	0.017723	0.020835
55	044906:29095452	1	1	0.986870	0.231735	0.017723	0.020835
56	044906:48966625	0	1	0.988052	0.217534	0.016650	0.021270
56	044906:48966625	1	2	0.011948	0.782466	0.016650	0.021270
57	044906:67569420	0	1	0.989390	0.294210	0.014755	0.023173
57	044906:67569420	1	2	0.010610	0.705790	0.014755	0.023173
58	044907:14261149	0	2	0.448194	0.916841	0.080225	0.015181
58	044907:14261149	1	1	0.551806	0.083159	0.080225	0.015181
59	044907:47996499	0	2	0.839699	0.998615	0.053063	0.001956
59	044907:47996499	1	1	0.160301	0.001385	0.053063	0.001956
60	044907:50314920	0	2	0.011430	0.742404	0.015908	0.022677
60	044907:50314920	1	1	0.988570	0.257596	0.015908	0.022677
61	044907:50314962	0	2	0.058524	0.794594	0.045490	0.021317
61	044907:50314962	1	1	0.941476	0.205406	0.045490	0.021317
62	044907:50763016	0	1	0.989578	0.240811	0.014534	0.021303
62	044907:50763016	1	2	0.010422	0.759189	0.014534	0.021303
63	044907:50763062	0	1	0.989565	0.238581	0.014499	0.021052
63	044907:50763062	1	2	0.010435	0.761419	0.014499	0.021052
64	044907:53006265	0	2	0.012020	0.700395	0.016700	0.023865
64	044907:53006265	1	1	0.987980	0.299605	0.016700	0.023865
65	044907:61548376	0	2	0.010478	0.711077	0.014635	0.022444
65	044907:61548376	1	1	0.989522	0.288923	0.014635	0.022444
66	044907:64711296	0	2	0.460228	0.909701	0.074547	0.015099
66	044907:64711296	1	1	0.539772	0.090299	0.074547	0.015099
67	044907:69049226	0	2	0.016273	0.826678	0.021763	0.018770
67	044907:69049226	1	1	0.983727	0.173322	0.021763	0.018770
68	044908:20620251	0	2	0.703142	0.993133	0.065046	0.004327
68	044908:20620251	1	1	0.296858	0.006867	0.065046	0.004327
69	044908:20648050	0	2	0.743873	0.993616	0.062042	0.004018
69	044908:20648050	1	1	0.256127	0.006384	0.062042	0.004018
70	044908:21646634	0	2	0.737694	0.990628	0.065990	0.004983
70	044908:21646634	1	1	0.262306	0.009372	0.065990	0.004983
71	044908:21651485	0	2	0.012361	0.695110	0.017159	0.024812
71	044908:21651485	1	1	0.987639	0.304890	0.017159	0.024812
72	044908:21651981	0	2	0.015526	0.708810	0.020684	0.023717
72	044908:21651981	1	1	0.984474	0.291190	0.020684	0.023717
73	044908:26979949	0	1	0.988662	0.274875	0.015752	0.023677
73	044908:26979949	1	2	0.011338	0.725125	0.015752	0.023677
74	044908:27041834	0	2	0.599207	0.998767	0.069852	0.001742
74	044908:27041834	1	1	0.400793	0.001233	0.069852	0.001742
75	044908:27588933	0	2	0.732408	0.998671	0.064110	0.001880
75	044908:27588933	1	1	0.267592	0.001329	0.064110	0.001880
76	044908:40413728	0	2	0.702635	0.998778	0.064778	0.001720
76	044908:40413728	1	1	0.297365	0.001222	0.064778	0.001720
77	044908:48107384	0	2	0.727335	0.958344	0.063878	0.010016
77	044908:48107384	1	1	0.272665	0.041656	0.063878	0.010016
78	044908:53359031	0	1	0.989457	0.328037	0.014671	0.023577
78	044908:53359031	1	2	0.010543	0.671963	0.014671	0.023577
79	044908:67510134	0	2	0.314628	0.881532	0.067207	0.015947
79	044908:67510134	1	1	0.685372	0.118468	0.067207	0.015947
80	044908:72731599	0	2	0.697813	0.998635	0.065739	0.001925
80	044908:72731599	1	1	0.302187	0.001365	0.065739	0.001925
81	044908:73083325	0	2	0.682536	0.998619	0.068288	0.001947
81	044908:73083325	1	1	0.317464	0.001381	0.068288	0.001947
82	044908:73087547	0	2	0.027909	0.784493	0.027308	0.022248
82	044908:73087547	1	1	0.972091	0.215507	0.027308	0.022248
83	044908:73208167	0	2	0.090646	0.776101	0.041728	0.020598
83	044908:73208167	1	1	0.909354	0.223899	0.041728	0.020598
84	044909:2925426	0	2	0.648117	0.957633	0.069452	0.010173
84	044909:2925426	1	1	0.351883	0.042367	0.069452	0.010173
85	044909:10874806	0	1	0.988473	0.258679	0.016026	0.022419
85	044909:10874806	1	2	0.011527	0.741321	0.016026	0.022419
86	044909:10875324	0	1	0.965732	0.270102	0.027243	0.023238
86	044909:10875324	1	2	0.034268	0.729898	0.027243	0.023238
87	044909:12005148	0	2	0.010843	0.786344	0.015091	0.020701
87	044909:12005148	1	1	0.989157	0.213656	0.015091	0.020701
88	044909:13612707	0	2	0.579908	0.998689	0.070035	0.001852
88	044909:13612707	1	1	0.420092	0.001311	0.070035	0.001852
89	044909:14381123	0	1	0.989444	0.291104	0.014697	0.022781
89	044909:14381123	1	2	0.010556	0.708896	0.014697	0.022781
90	044909:15314635	0	2	0.703942	0.998664	0.064639	0.001884
90	044909:15314635	1	1	0.296058	0.001336	0.064639	0.001884
91	044909:18511480	0	1	0.989535	0.274637	0.014595	0.022333
91	044909:18511480	1	2	0.010465	0.725363	0.014595	0.022333
92	044909:27665892	0	1	0.988481	0.275026	0.016010	0.023126
92	044909:27665892	1	2	0.011519	0.724974	0.016010	0.023126
93	044909:31153437	0	1	0.985652	0.227307	0.019205	0.021085
93	044909:31153437	1	2	0.014348	0.772693	0.019205	0.021085
94	044909:32408365	0	2	0.633635	0.998643	0.068998	0.001914
94	044909:32408365	1	1	0.366365	0.001357	0.068998	0.001914
95	044909:32413184	0	2	0.691078	0.998669	0.069263	0.001884
95	044909:32413184	1	1	0.308922	0.001331	0.069263	0.001884
96	044909:32414723	0	2	0.710973	0.998738	0.065712	0.001787
96	044909:32414723	1	1	0.289027	0.001262	0.065712	0.001787
97	044909:32414783	0	2	0.273861	0.998564	0.067966	0.002031
97	044909:32414783	1	1	0.726139	0.001436	0.067966	0.002031
98	044909:34643515	0	2	0.670054	0.998570	0.072621	0.002019
98	044909:34643515	1	1	0.329946	0.001430	0.072621	0.002019
99	044909:51911334	0	2	0.826622	0.990698	0.053950	0.004955
99	044909:51911334	1	1	0.173378	0.009302	0.053950	0.004955
100	044909:53008736	0	2	0.298378	0.949621	0.079841	0.010828
100	044909:53008736	1	1	0.701622	0.050379	0.079841	0.010828
101	044909:53542228	0	2	0.121458	0.957509	0.059900	0.010209
101	044909:53542228	1	1	0.878542	0.042491	0.059900	0.010209
102	044910:308717	0	2	0.782522	0.995789	0.061793	0.003430
102	044910:308717	1	1	0.217478	0.004211	0.061793	0.003430
103	044910:648091	0	2	0.887161	0.998747	0.044911	0.001766
103	044910:648091	1	1	0.112839	0.001253	0.044911	0.001766
104	044910:661931	0	1	0.985545	0.295739	0.020047	0.023488
104	044910:661931	1	2	0.014455	0.704261	0.020047	0.023488
105	044910:17832303	0	1	0.989039	0.248302	0.015234	0.021574
105	044910:17832303	1	2	0.010961	0.751698	0.015234	0.021574
106	044910:19694326	0	1	0.989027	0.241546	0.015288	0.022118
106	044910:19694326	1	2	0.010973	0.758454	0.015288	0.022118
107	044910:21980128	0	2	0.711750	0.998751	0.065527	0.001766
107	044910:21980128	1	1	0.288250	0.001249	0.065527	0.001766
108	044910:23169885	0	2	0.796617	0.995708	0.058255	0.003491
108	044910:23169885	1	1	0.203383	0.004292	0.058255	0.003491
109	044910:30354697	0	2	0.685482	0.998543	0.070045	0.002055
109	044910:30354697	1	1	0.314518	0.001457	0.070045	0.002055
110	044910:32600705	0	2	0.031834	0.689604	0.025333	0.023260
110	044910:32600705	1	1	0.968166	0.310396	0.025333	0.023260
111	044910:33514187	0	2	0.010520	0.745098	0.014657	0.022617
111	044910:33514187	1	1	0.989480	0.254902	0.014657	0.022617
112	044910:36800173	0	2	0.010410	0.998572	0.014492	0.002009
112	044910:36800173	1	1	0.989590	0.001428	0.014492	0.002009
113	044910:36808768	0	1	0.985529	0.207504	0.019427	0.021970
113	044910:36808768	1	2	0.014471	0.792496	0.019427	0.021970
114	044910:38073444	0	2	0.681701	0.998781	0.066132	0.001719
114	044910:38073444	1	1	0.318299	0.001219	0.066132	0.001719
115	044910:38149878	0	2	0.744761	0.998684	0.061776	0.001857
115	044910:38149878	1	1	0.255239	0.001316	0.061776	0.001857
116	044910:38150916	0	2	0.744852	0.998635	0.061622	0.001925
116	044910:38150916	1	1	0.255148	0.001365	0.061622	0.001925
117	044910:38159000	0	2	0.755256	0.998572	0.062070	0.002018
117	044910:38159000	1	1	0.244744	0.001428	0.062070	0.002018
118	044910:41167780	0	2	0.604175	0.998627	0.070804	0.001936
118	044910:41167780	1	1	0.395825	0.001373	0.070804	0.001936
119	044910:48574541	0	2	0.011770	0.791376	0.016314	0.021930
119	044910:48574541	1	1	0.988230	0.208624	0.016314	0.021930
120	044910:48581688	0	2	0.177248	0.785344	0.054521	0.021859
120	044910:48581688	1	1	0.822752	0.214656	0.054521	0.021859
121	044911:1527135	0	2	0.697865	0.998609	0.067985	0.001963
121	044911:1527135	1	1	0.302135	0.001391	0.067985	0.001963
122	044911:1534105	0	2	0.056833	0.996024	0.034487	0.003253
122	044911:1534105	1	1	0.943167	0.003976	0.034487	0.003253
123	044911:32139517	0	2	0.076407	0.746184	0.038873	0.022913
123	044911:32139517	1	1	0.923593	0.253816	0.038873	0.022913
124	044911:32141733	0	2	0.866631	0.998787	0.048193	0.001716
124	044911:32141733	1	1	0.133369	0.001213	0.048193	0.001716
125	044911:33110623	0	2	0.154292	0.782955	0.051397	0.020606
125	044911:33110623	1	1	0.845708	0.217045	0.051397	0.020606
126	044911:33118771	0	2	0.887215	0.998765	0.045000	0.001741
126	044911:33118771	1	1	0.112785	0.001235	0.045000	0.001741
127	044911:39787400	0	1	0.989513	0.222482	0.014655	0.020609
127	044911:39787400	1	2	0.010487	0.777518	0.014655	0.020609
128	044911:41706549	0	2	0.646900	0.998575	0.069287	0.002012
128	044911:41706549	1	1	0.353100	0.001425	0.069287	0.002012
129	044911:41707023	0	2	0.540012	0.998616	0.072172	0.001956
129	044911:41707023	1	1	0.459988	0.001384	0.072172	0.001956
130	044911:41710139	0	2	0.558720	0.998776	0.070573	0.001724
130	044911:41710139	1	1	0.441280	0.001224	0.070573	0.001724
131	044911:41710880	0	2	0.563422	0.995367	0.071696	0.003771
131	044911:41710880	1	1	0.436578	0.004633	0.071696	0.003771
132	044911:52507663	0	1	0.989581	0.235918	0.014515	0.021092
132	044911:52507663	1	2	0.010419	0.764082	0.014515	0.021092
133	044911:52650160	0	2	0.011317	0.782121	0.015704	0.021164
133	044911:52650160	1	1	0.988683	0.217879	0.015704	0.021164
134	044911:56301070	0	2	0.034077	0.990672	0.027035	0.004951
134	044911:56301070	1	1	0.965923	0.009328	0.027035	0.004951
135	044911:56303322	0	2	0.518156	0.998770	0.071015	0.001733
135	044911:56303322	1	1	0.481844	0.001230	0.071015	0.001733
136	044911:56304693	0	2	0.012653	0.733542	0.017561	0.022534
136	044911:56304693	1	1	0.987347	0.266458	0.017561	0.022534
137	044911:57672150	0	2	0.141291	0.998662	0.050798	0.001891
137	044911:57672150	1	1	0.858709	0.001338	0.050798	0.001891
138	044911:57672550	0	2	0.092431	0.944928	0.041123	0.011533
138	044911:57672550	1	1	0.907569	0.055072	0.041123	0.011533
139	044911:59462612	0	2	0.743492	0.998748	0.062028	0.001768
139	044911:59462612	1	1	0.256508	0.001252	0.062028	0.001768
140	044912:5745158	0	2	0.272120	0.911488	0.065381	0.014162
140	044912:5745158	1	1	0.727880	0.088512	0.065381	0.014162
141	044912:13533401	0	2	0.073893	0.807055	0.043563	0.020612
141	044912:13533401	1	1	0.926107	0.192945	0.043563	0.020612
142	044912:14358518	0	2	0.011041	0.761895	0.015388	0.023278
142	044912:14358518	1	1	0.988959	0.238105	0.015388	0.023278
143	044912:17988598	0	1	0.989567	0.304552	0.014481	0.022730
143	044912:17988598	1	2	0.010433	0.695448	0.014481	0.022730
144	044912:19060188	0	2	0.032825	0.718746	0.026130	0.023059
144	044912:19060188	1	1	0.967175	0.281254	0.026130	0.023059
145	044912:39587527	0	2	0.203630	0.796806	0.060522	0.020593
145	044912:39587527	1	1	0.796370	0.203194	0.060522	0.020593
146	044913:861162	0	2	0.682398	0.998752	0.066138	0.001759
146	044913:861162	1	1	0.317602	0.001248	0.066138	0.001759
147	044913:4796968	0	1	0.428962	0.023686	0.133862	0.008004
147	044913:4796968	1	2	0.571038	0.976314	0.133862	0.008004
148	044913:5628686	0	2	0.406621	0.917770	0.072856	0.013612
148	044913:5628686	1	1	0.593379	0.082230	0.072856	0.013612
149	044913:11892764	0	2	0.629887	0.998689	0.098724	0.001848
149	044913:11892764	1	1	0.370113	0.001311	0.098724	0.001848
150	044913:16557634	0	2	0.209999	0.872527	0.069874	0.016889
150	044913:16557634	1	1	0.790001	0.127473	0.069874	0.016889
151	044913:23466311	0	2	0.559172	0.998744	0.070544	0.001775
151	044913:23466311	1	1	0.440828	0.001256	0.070544	0.001775
152	044913:25466224	0	2	0.564948	0.998573	0.073211	0.002018
152	044913:25466224	1	1	0.435052	0.001427	0.073211	0.002018
153	044913:25471127	0	2	0.723040	0.996298	0.063584	0.003009
153	044913:25471127	1	1	0.276960	0.003702	0.063584	0.003009
154	044913:31005389	0	2	0.367328	0.984917	0.071263	0.006361
154	044913:31005389	1	1	0.632672	0.015083	0.071263	0.006361
155	044913:38147914	0	2	0.825591	0.998717	0.053890	0.001807
155	044913:38147914	1	1	0.174409	0.001283	0.053890	0.001807
156	044913:50915307	0	2	0.057413	0.758387	0.034953	0.022096
156	044913:50915307	1	1	0.942587	0.241613	0.034953	0.022096
157	044913:65198518	0	2	0.600093	0.988207	0.069532	0.005508
157	044913:65198518	1	1	0.399907	0.011793	0.069532	0.005508
158	044914:5707842	0	2	0.806402	0.998709	0.062752	0.001820
158	044914:5707842	1	1	0.193598	0.001291	0.062752	0.001820
159	044914:17908794	0	2	0.112283	0.791622	0.045781	0.020023
159	044914:17908794	1	1	0.887717	0.208378	0.045781	0.020023
160	044914:19359686	0	2	0.743484	0.998673	0.062123	0.001879
160	044914:19359686	1	1	0.256516	0.001327	0.062123	0.001879
161	044914:19359849	0	2	0.722785	0.998770	0.063502	0.001734
161	044914:19359849	1	1	0.277215	0.001230	0.063502	0.001734
162	044914:19398788	0	2	0.498492	0.939522	0.072771	0.012345
162	044914:19398788	1	1	0.501508	0.060478	0.072771	0.012345
163	044914:25869517	0	1	0.985985	0.285722	0.018765	0.022322
163	044914:25869517	1	2	0.014015	0.714278	0.018765	0.022322
164	044914:29183808	0	2	0.765713	0.998671	0.062615	0.001872
164	044914:29183808	1	1	0.234287	0.001329	0.062615	0.001872
165	044914:42317040	0	2	0.338753	0.925013	0.067179	0.013261
165	044914:42317040	1	1	0.661247	0.074987	0.067179	0.013261
166	044914:42920359	0	2	0.579965	0.996080	0.070155	0.003193
166	044914:42920359	1	1	0.420035	0.003920	0.070155	0.003193
167	044914:52355620	0	2	0.854517	0.998454	0.056893	0.002184
167	044914:52355620	1	1	0.145483	0.001546	0.056893	0.002184
168	044914:54806520	0	2	0.230086	0.877010	0.063734	0.017032
168	044914:54806520	1	1	0.769914	0.122990	0.063734	0.017032
169	044914:54806618	0	2	0.089102	0.727093	0.044952	0.023891
169	044914:54806618	1	1	0.910898	0.272907	0.044952	0.023891
170	044914:57135919	0	1	0.989008	0.291261	0.015322	0.023966
170	044914:57135919	1	2	0.010992	0.708739	0.015322	0.023966
171	044915:7703982	0	2	0.743308	0.996190	0.061992	0.003107
171	044915:7703982	1	1	0.256692	0.003810	0.061992	0.003107
172	044915:7712978	0	1	0.988275	0.267760	0.016313	0.023950
172	044915:7712978	1	2	0.011725	0.732240	0.016313	0.023950
173	044915:7991201	0	1	0.987225	0.296093	0.017737	0.023239
173	044915:7991201	1	2	0.012775	0.703907	0.017737	0.023239
174	044915:11236907	0	2	0.785264	0.998781	0.058098	0.001717
174	044915:11236907	1	1	0.214736	0.001219	0.058098	0.001717
175	044915:11239152	0	2	0.138431	0.996233	0.049906	0.003064
175	044915:11239152	1	1	0.861569	0.003767	0.049906	0.003064
176	044915:11360149	0	2	0.640512	0.998749	0.068142	0.001766
176	044915:11360149	1	1	0.359488	0.001251	0.068142	0.001766
177	044915:12087075	0	1	0.988610	0.249468	0.015854	0.022940
177	044915:12087075	1	2	0.011390	0.750532	0.015854	0.022940
178	044915:16008802	0	2	0.269271	0.805292	0.118427	0.019924
178	044915:16008802	1	1	0.730729	0.194708	0.118427	0.019924
179	044915:16009084	0	2	0.227035	0.804254	0.121136	0.019759
179	044915:16009084	1	1	0.772965	0.195746	0.121136	0.019759
180	044915:16156553	0	2	0.538273	0.998680	0.070753	0.001868
180	044915:16156553	1	1	0.461727	0.001320	0.070753	0.001868
181	044915:19776418	0	2	0.013254	0.732615	0.017845	0.021975
181	044915:19776418	1	1	0.986746	0.267385	0.017845	0.021975
182	044915:19780177	0	2	0.024691	0.727429	0.024270	0.022027
182	044915:19780177	1	1	0.975309	0.272571	0.024270	0.022027
183	044915:19964674	0	1	0.989429	0.290923	0.014732	0.022373
183	044915:19964674	1	2	0.010571	0.709077	0.014732	0.022373
184	044915:19964916	0	1	0.986749	0.296400	0.017790	0.022826
184	044915:19964916	1	2	0.013251	0.703600	0.017790	0.022826
185	044915:24912255	0	2	0.010631	0.682091	0.014791	0.023394
185	044915:24912255	1	1	0.989369	0.317909	0.014791	0.023394
186	044915:24915783	0	2	0.012706	0.718667	0.017664	0.022683
186	044915:24915783	1	1	0.987294	0.281333	0.017664	0.022683
187	044915:24918160	0	2	0.010622	0.689042	0.014786	0.022858
187	044915:24918160	1	1	0.989378	0.310958	0.014786	0.022858
188	044915:27322585	0	2	0.591329	0.998429	0.074322	0.002218
188	044915:27322585	1	1	0.408671	0.001571	0.074322	0.002218
189	044915:27945860	0	2	0.030857	0.744542	0.038899	0.022324
189	044915:27945860	1	1	0.969143	0.255458	0.038899	0.022324
190	044915:28385540	0	2	0.240636	0.804017	0.063067	0.021050
190	044915:28385540	1	1	0.759364	0.195983	0.063067	0.021050
191	044915:29447480	0	2	0.805011	0.998698	0.056323	0.001839
191	044915:29447480	1	1	0.194989	0.001302	0.056323	0.001839
192	044915:29453723	0	2	0.024772	0.998689	0.024570	0.001853
192	044915:29453723	1	1	0.975228	0.001311	0.024570	0.001853
193	044915:31309446	0	2	0.625227	0.998554	0.077050	0.002042
193	044915:31309446	1	1	0.374773	0.001446	0.077050	0.002042
194	044915:32840897	0	1	0.895150	0.179069	0.044895	0.019018
194	044915:32840897	1	2	0.104850	0.820931	0.044895	0.019018
195	044915:33918343	0	2	0.764278	0.996156	0.060263	0.003128
195	044915:33918343	1	1	0.235722	0.003844	0.060263	0.003128
196	044915:40182682	0	1	0.988956	0.327710	0.015381	0.024364
196	044915:40182682	1	2	0.011044	0.672290	0.015381	0.024364
197	044915:41228569	0	2	0.010984	0.753152	0.015256	0.022241
197	044915:41228569	1	1	0.989016	0.246848	0.015256	0.022241
198	044915:41231960	0	2	0.497911	0.993766	0.071101	0.003923
198	044915:41231960	1	1	0.502089	0.006234	0.071101	0.003923
199	044915:41325596	0	2	0.682948	0.996029	0.068210	0.003233
199	044915:41325596	1	1	0.317052	0.003971	0.068210	0.003233
