ind_ID	Pure_0	Pure_1	F1	F2	P0_F1	P1_F1	P0_P0F1	P1_P1F1	P0_P0P0F1	P1_P1P1F1
QUE001354_bic	0.00000	0.99990	0.00000	0.00000	0.00000	0.00000	0.00000	0.00000	0.00000	0.00010
QUE001355_bic	0.00000	0.99999	0.00000	0.00000	0.00000	0.00000	0.00000	0.00000	0.00000	0.00001
QUE001356_bic	0.00000	0.99996	0.00000	0.00000	0.00000	0.00000	0.00000	0.00000	0.00000	0.00004
QUE001357_bic	0.00000	0.99998	0.00000	0.00000	0.00000	0.00000	0.00000	0.00000	0.00000	0.00002
QUE001360_bic	0.00000	0.99999	0.00000	0.00000	0.00000	0.00000	0.00000	0.00000	0.00000	0.00001
QUE001366_bic	0.00000	0.99999	0.00000	0.00000	0.00000	0.00000	0.00000	0.00000	0.00000	0.00001
QUE001368_bic	0.00000	0.99995	0.00000	0.00000	0.00000	0.00000	0.00000	0.00000	0.00000	0.00005
QUE001375_bic	0.00000	1.00000	0.00000	0.00000	0.00000	0.00000	0.00000	0.00000	0.00000	0.00000
QUE001386_bic	0.00000	0.99999	0.00000	0.00000	0.00000	0.00000	0.00000	0.00000	0.00000	0.00001
QUE001527_bic	0.00000	0.99987	0.00000	0.00000	0.00000	0.00000	0.00000	0.00000	0.00000	0.00013
QUE001528_bic	0.00000	0.99990	0.00000	0.00000	0.00000	0.00000	0.00000	0.00000	0.00000	0.00010
QUE001529_bic	0.00000	1.00000	0.00000	0.00000	0.00000	0.00000	0.00000	0.00000	0.00000	0.00000
QUE001534_bic	0.00000	0.99992	0.00000	0.00000	0.00000	0.00000	0.00000	0.00000	0.00000	0.00008
QUE001538_bic	0.00000	1.00000	0.00000	0.00000	0.00000	0.00000	0.00000	0.00000	0.00000	0.00000
QUE001539_bic	0.00000	1.00000	0.00000	0.00000	0.00000	0.00000	0.00000	0.00000	0.00000	0.00000
QUE001543_bic	0.00000	1.00000	0.00000	0.00000	0.00000	0.00000	0.00000	0.00000	0.00000	0.00000
QUE001545_bic	0.00000	0.99998	0.00000	0.00000	0.00000	0.00000	0.00000	0.00000	0.00000	0.00002
QUE001463_alb	0.99999	0.00000	0.00000	0.00000	0.00000	0.00000	0.00000	0.00000	0.00001	0.00000
QUE001550_bic	0.00000	0.99992	0.00000	0.00000	0.00000	0.00000	0.00000	0.00000	0.00000	0.00008
QUE001552_bic	0.00000	0.99999	0.00000	0.00000	0.00000	0.00000	0.00000	0.00000	0.00000	0.00001
QUE001553_bic	0.00000	0.99999	0.00000	0.00000	0.00000	0.00000	0.00000	0.00000	0.00000	0.00001
QUE001555_bic	0.00000	0.99951	0.00000	0.00000	0.00000	0.00000	0.00000	0.00000	0.00000	0.00049
QUE001388_bic	0.00000	0.99780	0.00000	0.00000	0.00000	0.00000	0.00000	0.00001	0.00000	0.00219
QUE001758_alb	0.99998	0.00000	0.00000	0.00000	0.00000	0.00000	0.00000	0.00000	0.00002	0.00000
QUE001815_alb	0.99996	0.00000	0.00000	0.00000	0.00000	0.00000	0.00000	0.00000	0.00004	0.00000
QUE001918_alb	0.99997	0.00000	0.00000	0.00000	0.00000	0.00000	0.00000	0.00000	0.00003	0.00000
QUE001932_alb	0.99976	0.00000	0.00000	0.00000	0.00000	0.00000	0.00000	0.00000	0.00024	0.00000
QUE002075_alb	0.99919	0.00000	0.00000	0.00000	0.00000	0.00000	0.00001	0.00000	0.00081	0.00000
QUE002091_alb	0.99997	0.00000	0.00000	0.00000	0.00000	0.00000	0.00000	0.00000	0.00003	0.00000
QUE002108_alb	0.99999	0.00000	0.00000	0.00000	0.00000	0.00000	0.00000	0.00000	0.00001	0.00000
QUE002121_alb	0.99997	0.00000	0.00000	0.00000	0.00000	0.00000	0.00000	0.00000	0.00003	0.00000
QUE002138_alb	0.99995	0.00000	0.00000	0.00000	0.00000	0.00000	0.00000	0.00000	0.00005	0.00000
QUE002196_bic	0.00000	0.99996	0.00000	0.00000	0.00000	0.00000	0.00000	0.00000	0.00000	0.00004
QUE002210_alb	0.99954	0.00000	0.00000	0.00000	0.00000	0.00000	0.00000	0.00000	0.00046	0.00000
QUE002253_alb	0.99996	0.00000	0.00000	0.00000	0.00000	0.00000	0.00000	0.00000	0.00004	0.00000
QUE002337_alb	1.00000	0.00000	0.00000	0.00000	0.00000	0.00000	0.00000	0.00000	0.00000	0.00000
QUE002355_alb	0.99997	0.00000	0.00000	0.00000	0.00000	0.00000	0.00000	0.00000	0.00003	0.00000
QUE002399_alb	0.99998	0.00000	0.00000	0.00000	0.00000	0.00000	0.00000	0.00000	0.00002	0.00000
QUE002493_alb	0.99928	0.00000	0.00000	0.00000	0.00000	0.00000	0.00003	0.00000	0.00070	0.00000
QUE002526_alb	0.99995	0.00000	0.00000	0.00000	0.00000	0.00000	0.00000	0.00000	0.00005	0.00000
QUE002528_bic	0.00000	0.99973	0.00000	0.00000	0.00000	0.00000	0.00000	0.00000	0.00000	0.00027
QUE002535_alb	0.99999	0.00000	0.00000	0.00000	0.00000	0.00000	0.00000	0.00000	0.00001	0.00000
QUE002370_alb	0.99992	0.00000	0.00000	0.00000	0.00000	0.00000	0.00000	0.00000	0.00008	0.00000
QUE002375_alb	0.99204	0.00000	0.00000	0.00000	0.00000	0.00000	0.00038	0.00000	0.00757	0.00000
QUE001846_alb	0.99998	0.00000	0.00000	0.00000	0.00000	0.00000	0.00000	0.00000	0.00002	0.00000
QUE001943_alb	0.99984	0.00000	0.00000	0.00000	0.00000	0.00000	0.00000	0.00000	0.00016	0.00000
QUE002109_alb	0.99977	0.00000	0.00000	0.00000	0.00000	0.00000	0.00000	0.00000	0.00023	0.00000
QUE002124_alb	0.99996	0.00000	0.00000	0.00000	0.00000	0.00000	0.00000	0.00000	0.00004	0.00000
QUE002128_alb	0.99997	0.00000	0.00000	0.00000	0.00000	0.00000	0.00000	0.00000	0.00003	0.00000
QUE002176_alb	0.99999	0.00000	0.00000	0.00000	0.00000	0.00000	0.00000	0.00000	0.00001	0.00000
QUE002216_alb	0.99934	0.00000	0.00000	0.00000	0.00000	0.00000	0.00003	0.00000	0.00063	0.00000
QUE002225_alb	0.99997	0.00000	0.00000	0.00000	0.00000	0.00000	0.00000	0.00000	0.00003	0.00000
QUE002232_alb	0.99984	0.00000	0.00000	0.00000	0.00000	0.00000	0.00000	0.00000	0.00015	0.00000
QUE002261_alb	0.99982	0.00000	0.00000	0.00000	0.00000	0.00000	0.00000	0.00000	0.00018	0.00000
QUE002269_alb	0.99999	0.00000	0.00000	0.00000	0.00000	0.00000	0.00000	0.00000	0.00001	0.00000
QUE002275_alb	0.99998	0.00000	0.00000	0.00000	0.00000	0.00000	0.00000	0.00000	0.00002	0.00000
QUE002313_alb	0.99999	0.00000	0.00000	0.00000	0.00000	0.00000	0.00000	0.00000	0.00001	0.00000
QUE002314_alb	0.99988	0.00000	0.00000	0.00000	0.00000	0.00000	0.00000	0.00000	0.00012	0.00000
QUE002315_alb	0.99995	0.00000	0.00000	0.00000	0.00000	0.00000	0.00000	0.00000	0.00005	0.00000
QUE002319_alb	0.99998	0.00000	0.00000	0.00000	0.00000	0.00000	0.00000	0.00000	0.00002	0.00000
QUE002324_alb	0.99985	0.00000	0.00000	0.00000	0.00000	0.00000	0.00000	0.00000	0.00015	0.00000
QUE002339_alb	0.99999	0.00000	0.00000	0.00000	0.00000	0.00000	0.00000	0.00000	0.00001	0.00000
QUE002342_alb	0.99975	0.00000	0.00000	0.00000	0.00000	0.00000	0.00000	0.00000	0.00024	0.00000
QUE002346_alb	0.99998	0.00000	0.00000	0.00000	0.00000	0.00000	0.00000	0.00000	0.00002	0.00000
QUE002351_alb	0.99898	0.00000	0.00000	0.00000	0.00000	0.00000	0.00001	0.00000	0.00101	0.00000
QUE002362_alb	0.99999	0.00000	0.00000	0.00000	0.00000	0.00000	0.00000	0.00000	0.00001	0.00000
QUE002383_alb	0.99999	0.00000	0.00000	0.00000	0.00000	0.00000	0.00000	0.00000	0.00001	0.00000
QUE002392_alb	0.99051	0.00000	0.00000	0.00000	0.00000	0.00000	0.00070	0.00000	0.00879	0.00000
QUE002410_alb	0.99994	0.00000	0.00000	0.00000	0.00000	0.00000	0.00000	0.00000	0.00006	0.00000
QUE002416_alb	0.99997	0.00000	0.00000	0.00000	0.00000	0.00000	0.00000	0.00000	0.00003	0.00000
QUE002422_alb	0.99994	0.00000	0.00000	0.00000	0.00000	0.00000	0.00000	0.00000	0.00006	0.00000
QUE002487_alb	0.99837	0.00000	0.00000	0.00000	0.00000	0.00000	0.00004	0.00000	0.00159	0.00000
QUE002494_alb	0.99999	0.00000	0.00000	0.00000	0.00000	0.00000	0.00000	0.00000	0.00001	0.00000
QUE002495_alb	0.99997	0.00000	0.00000	0.00000	0.00000	0.00000	0.00000	0.00000	0.00003	0.00000
QUE002503_alb	0.99998	0.00000	0.00000	0.00000	0.00000	0.00000	0.00000	0.00000	0.00002	0.00000
QUE002511_alb	0.99970	0.00000	0.00000	0.00000	0.00000	0.00000	0.00000	0.00000	0.00029	0.00000
QUE002522_alb	0.99993	0.00000	0.00000	0.00000	0.00000	0.00000	0.00000	0.00000	0.00007	0.00000
QUE002529_bic	0.00000	0.99999	0.00000	0.00000	0.00000	0.00000	0.00000	0.00000	0.00000	0.00001
QUE002531_bic	0.00000	0.99995	0.00000	0.00000	0.00000	0.00000	0.00000	0.00000	0.00000	0.00005
QUE002534_alb	0.99999	0.00000	0.00000	0.00000	0.00000	0.00000	0.00000	0.00000	0.00001	0.00000
QUE002544_alb	0.99995	0.00000	0.00000	0.00000	0.00000	0.00000	0.00000	0.00000	0.00005	0.00000
QUE002555_alb	0.99996	0.00000	0.00000	0.00000	0.00000	0.00000	0.00000	0.00000	0.00004	0.00000
QUE002556_bic	0.00000	0.99994	0.00000	0.00000	0.00000	0.00000	0.00000	0.00000	0.00000	0.00006
QUE001654_alb	0.99998	0.00000	0.00000	0.00000	0.00000	0.00000	0.00000	0.00000	0.00002	0.00000
