ind_ID	Pure_0	Pure_1	F1	F2	P0_F1	P1_F1	P0_P0F1	P1_P1F1	P0_P0P0F1	P1_P1P1F1
QUE002637_mac	0.99636	0.00000	0.00000	0.00000	0.00000	0.00000	0.00000	0.00000	0.00364	0.00000
QUE002631_mac	0.99850	0.00000	0.00000	0.00000	0.00000	0.00000	0.00000	0.00000	0.00150	0.00000
QUE002647_mac	0.98286	0.00000	0.00000	0.00000	0.00000	0.00000	0.00002	0.00000	0.01712	0.00000
QUE002613_mac	0.99688	0.00000	0.00000	0.00000	0.00000	0.00000	0.00000	0.00000	0.00312	0.00000
QUE002614_mac	0.99225	0.00000	0.00000	0.00000	0.00000	0.00000	0.00000	0.00000	0.00775	0.00000
QUE002616_mac	0.99608	0.00000	0.00000	0.00000	0.00000	0.00000	0.00000	0.00000	0.00392	0.00000
QUE002617_mac	0.99862	0.00000	0.00000	0.00000	0.00000	0.00000	0.00000	0.00000	0.00138	0.00000
QUE002599_mac	0.99950	0.00000	0.00000	0.00000	0.00000	0.00000	0.00000	0.00000	0.00050	0.00000
QUE002628_mac	0.99953	0.00000	0.00000	0.00000	0.00000	0.00000	0.00000	0.00000	0.00047	0.00000
QUE002601_mac	0.99872	0.00000	0.00000	0.00000	0.00000	0.00000	0.00000	0.00000	0.00128	0.00000
QUE002638_mac	0.95416	0.00000	0.00000	0.00000	0.00000	0.00000	0.00009	0.00000	0.04574	0.00000
QUE002615_mac	0.99943	0.00000	0.00000	0.00000	0.00000	0.00000	0.00000	0.00000	0.00057	0.00000
QUE002595_mac	0.99716	0.00000	0.00000	0.00000	0.00000	0.00000	0.00000	0.00000	0.00284	0.00000
QUE002634_mac	0.95718	0.00000	0.00000	0.00000	0.00000	0.00000	0.00002	0.00000	0.04280	0.00000
QUE002590_mac	0.99556	0.00000	0.00000	0.00000	0.00000	0.00000	0.00000	0.00000	0.00444	0.00000
QUE002608_mac	0.99970	0.00000	0.00000	0.00000	0.00000	0.00000	0.00000	0.00000	0.00030	0.00000
QUE002641_mac	0.99983	0.00000	0.00000	0.00000	0.00000	0.00000	0.00000	0.00000	0.00017	0.00000
QUE001334_mac	0.99850	0.00000	0.00000	0.00000	0.00000	0.00000	0.00000	0.00000	0.00150	0.00000
QUE001337_mac	0.99973	0.00000	0.00000	0.00000	0.00000	0.00000	0.00000	0.00000	0.00027	0.00000
QUE001338_mac	0.99679	0.00000	0.00000	0.00000	0.00000	0.00000	0.00000	0.00000	0.00321	0.00000
QUE001339_mac	0.99979	0.00000	0.00000	0.00000	0.00000	0.00000	0.00000	0.00000	0.00021	0.00000
QUE001342_mac	0.99522	0.00000	0.00000	0.00000	0.00000	0.00000	0.00000	0.00000	0.00478	0.00000
QUE001343_mac	0.99156	0.00000	0.00000	0.00000	0.00000	0.00000	0.00000	0.00000	0.00843	0.00000
QUE001345_mac	0.99759	0.00000	0.00000	0.00000	0.00000	0.00000	0.00000	0.00000	0.00241	0.00000
QUE001346_mac	0.99759	0.00000	0.00000	0.00000	0.00000	0.00000	0.00000	0.00000	0.00241	0.00000
QUE001347_mac	0.99415	0.00000	0.00000	0.00000	0.00000	0.00000	0.00000	0.00000	0.00585	0.00000
QUE001348_mac	0.98639	0.00000	0.00000	0.00000	0.00000	0.00000	0.00003	0.00000	0.01358	0.00000
QUE001350_mac	0.99895	0.00000	0.00000	0.00000	0.00000	0.00000	0.00000	0.00000	0.00105	0.00000
QUE001351_mac	0.93900	0.00000	0.00000	0.00000	0.00000	0.00000	0.00014	0.00000	0.06086	0.00000
QUE001352_mac	0.96715	0.00000	0.00000	0.00000	0.00000	0.00000	0.00001	0.00000	0.03284	0.00000
QUE001354_bic	0.00000	0.99999	0.00000	0.00000	0.00000	0.00000	0.00000	0.00000	0.00000	0.00001
QUE001355_bic	0.00000	0.99985	0.00000	0.00000	0.00000	0.00000	0.00000	0.00000	0.00000	0.00015
QUE001356_bic	0.00000	0.99939	0.00000	0.00000	0.00000	0.00000	0.00000	0.00000	0.00000	0.00061
QUE001357_bic	0.00000	0.99964	0.00000	0.00000	0.00000	0.00000	0.00000	0.00000	0.00000	0.00036
QUE001360_bic	0.00000	0.99616	0.00000	0.00000	0.00000	0.00000	0.00000	0.00002	0.00000	0.00382
QUE001366_bic	0.00000	0.99971	0.00000	0.00000	0.00000	0.00000	0.00000	0.00000	0.00000	0.00029
QUE001368_bic	0.00000	0.99459	0.00000	0.00000	0.00000	0.00000	0.00000	0.00006	0.00000	0.00536
QUE001370_mac	0.99704	0.00000	0.00000	0.00000	0.00000	0.00000	0.00000	0.00000	0.00296	0.00000
QUE001371_mac	0.99899	0.00000	0.00000	0.00000	0.00000	0.00000	0.00000	0.00000	0.00101	0.00000
QUE001372_mac	0.99945	0.00000	0.00000	0.00000	0.00000	0.00000	0.00000	0.00000	0.00055	0.00000
QUE001375_bic	0.00000	0.99389	0.00000	0.00000	0.00000	0.00000	0.00000	0.00003	0.00000	0.00609
QUE001386_bic	0.00000	0.99822	0.00000	0.00000	0.00000	0.00000	0.00000	0.00000	0.00000	0.00178
QUE001487_mac	0.99826	0.00000	0.00000	0.00000	0.00000	0.00000	0.00000	0.00000	0.00174	0.00000
QUE001526_mac	0.87202	0.00000	0.00000	0.00000	0.00000	0.00000	0.00046	0.00000	0.12752	0.00000
QUE001527_bic	0.00000	0.99645	0.00000	0.00000	0.00000	0.00000	0.00000	0.00003	0.00000	0.00352
QUE001528_bic	0.00000	0.99967	0.00000	0.00000	0.00000	0.00000	0.00000	0.00000	0.00000	0.00033
QUE001529_bic	0.00000	0.99114	0.00000	0.00000	0.00000	0.00000	0.00000	0.00001	0.00000	0.00885
QUE001530_mac	0.97916	0.00000	0.00000	0.00000	0.00000	0.00000	0.00003	0.00000	0.02081	0.00000
QUE001532_mac	0.95260	0.00000	0.00000	0.00000	0.00000	0.00000	0.00018	0.00000	0.04722	0.00000
QUE001533_mac	0.99731	0.00000	0.00000	0.00000	0.00000	0.00000	0.00000	0.00000	0.00269	0.00000
QUE001534_bic	0.00000	0.98666	0.00000	0.00000	0.00000	0.00000	0.00000	0.00007	0.00000	0.01327
QUE001536_mac	0.99983	0.00000	0.00000	0.00000	0.00000	0.00000	0.00000	0.00000	0.00017	0.00000
QUE001537_bic	0.00000	0.95239	0.00000	0.00000	0.00000	0.00000	0.00000	0.00020	0.00000	0.04741
QUE001538_bic	0.00000	0.99982	0.00000	0.00000	0.00000	0.00000	0.00000	0.00000	0.00000	0.00018
QUE001539_bic	0.00000	0.99993	0.00000	0.00000	0.00000	0.00000	0.00000	0.00000	0.00000	0.00007
QUE001541_mac	0.98656	0.00000	0.00000	0.00000	0.00000	0.00000	0.00001	0.00000	0.01342	0.00000
QUE001542_mac	0.98217	0.00000	0.00000	0.00000	0.00000	0.00000	0.00003	0.00000	0.01780	0.00000
QUE001543_bic	0.00000	0.99999	0.00000	0.00000	0.00000	0.00000	0.00000	0.00000	0.00000	0.00001
QUE001545_bic	0.00000	0.99952	0.00000	0.00000	0.00000	0.00000	0.00000	0.00000	0.00000	0.00048
QUE001547_mac	0.99941	0.00000	0.00000	0.00000	0.00000	0.00000	0.00000	0.00000	0.00059	0.00000
QUE001548_mac	0.99342	0.00000	0.00000	0.00000	0.00000	0.00000	0.00000	0.00000	0.00658	0.00000
QUE001549_mac	0.99780	0.00000	0.00000	0.00000	0.00000	0.00000	0.00000	0.00000	0.00220	0.00000
QUE001550_bic	0.00000	0.94675	0.00000	0.00000	0.00000	0.00000	0.00000	0.00149	0.00000	0.05176
QUE001551_mac	0.99942	0.00000	0.00000	0.00000	0.00000	0.00000	0.00000	0.00000	0.00058	0.00000
QUE001552_bic	0.00000	0.99861	0.00000	0.00000	0.00000	0.00000	0.00000	0.00000	0.00000	0.00139
QUE001553_bic	0.00000	0.99930	0.00000	0.00000	0.00000	0.00000	0.00000	0.00000	0.00000	0.00070
QUE001554_mac	0.99124	0.00000	0.00000	0.00000	0.00000	0.00000	0.00000	0.00000	0.00876	0.00000
QUE001555_bic	0.00000	0.99999	0.00000	0.00000	0.00000	0.00000	0.00000	0.00000	0.00000	0.00001
QUE001556_mac	0.99941	0.00000	0.00000	0.00000	0.00000	0.00000	0.00000	0.00000	0.00059	0.00000
QUE001388_bic	0.00000	0.97259	0.00000	0.00000	0.00000	0.00000	0.00000	0.00012	0.00000	0.02729
QUE001759_mac	0.99710	0.00000	0.00000	0.00000	0.00000	0.00000	0.00000	0.00000	0.00290	0.00000
QUE001804_mac	0.99975	0.00000	0.00000	0.00000	0.00000	0.00000	0.00000	0.00000	0.00025	0.00000
QUE001814_mac	0.99951	0.00000	0.00000	0.00000	0.00000	0.00000	0.00000	0.00000	0.00049	0.00000
QUE001863_mac	0.99914	0.00000	0.00000	0.00000	0.00000	0.00000	0.00000	0.00000	0.00086	0.00000
QUE001916_mac	0.99698	0.00000	0.00000	0.00000	0.00000	0.00000	0.00000	0.00000	0.00302	0.00000
QUE001933_mac	0.99875	0.00000	0.00000	0.00000	0.00000	0.00000	0.00000	0.00000	0.00125	0.00000
QUE001783_mac	0.99910	0.00000	0.00000	0.00000	0.00000	0.00000	0.00000	0.00000	0.00090	0.00000
QUE001880_mac	0.99363	0.00000	0.00000	0.00000	0.00000	0.00000	0.00000	0.00000	0.00637	0.00000
QUE001907_mac	0.99294	0.00000	0.00000	0.00000	0.00000	0.00000	0.00000	0.00000	0.00706	0.00000
QUE001937_mac	0.89115	0.00000	0.00000	0.00000	0.00000	0.00000	0.00014	0.00000	0.10871	0.00000
QUE001963_mac	0.99987	0.00000	0.00000	0.00000	0.00000	0.00000	0.00000	0.00000	0.00013	0.00000
QUE001971_mac	0.99959	0.00000	0.00000	0.00000	0.00000	0.00000	0.00000	0.00000	0.00041	0.00000
QUE001982_mac	0.98820	0.00000	0.00000	0.00000	0.00000	0.00000	0.00000	0.00000	0.01180	0.00000
QUE002057_mac	0.99945	0.00000	0.00000	0.00000	0.00000	0.00000	0.00000	0.00000	0.00055	0.00000
QUE002074_mac	0.89384	0.00000	0.00000	0.00000	0.00000	0.00000	0.00007	0.00000	0.10609	0.00000
QUE002081_mac	0.99856	0.00000	0.00000	0.00000	0.00000	0.00000	0.00000	0.00000	0.00144	0.00000
QUE002082_mac	0.99204	0.00000	0.00000	0.00000	0.00000	0.00000	0.00000	0.00000	0.00796	0.00000
QUE002085_mac	0.99724	0.00000	0.00000	0.00000	0.00000	0.00000	0.00000	0.00000	0.00276	0.00000
QUE002105_mac	0.92499	0.00000	0.00000	0.00000	0.00000	0.00000	0.00007	0.00000	0.07495	0.00000
QUE002129_mac	0.99914	0.00000	0.00000	0.00000	0.00000	0.00000	0.00000	0.00000	0.00086	0.00000
QUE002133_mac	0.82449	0.00000	0.00000	0.00000	0.00000	0.00000	0.00077	0.00000	0.17473	0.00000
QUE002154_mac	0.98978	0.00000	0.00000	0.00000	0.00000	0.00000	0.00000	0.00000	0.01022	0.00000
QUE002187_mac	0.99929	0.00000	0.00000	0.00000	0.00000	0.00000	0.00000	0.00000	0.00071	0.00000
QUE002196_bic	0.00000	0.99975	0.00000	0.00000	0.00000	0.00000	0.00000	0.00000	0.00000	0.00025
QUE002251_mac	0.98922	0.00000	0.00000	0.00000	0.00000	0.00000	0.00001	0.00000	0.01077	0.00000
QUE002302_mac	0.98189	0.00000	0.00000	0.00000	0.00000	0.00000	0.00001	0.00000	0.01809	0.00000
QUE002304_mac	0.99977	0.00000	0.00000	0.00000	0.00000	0.00000	0.00000	0.00000	0.00023	0.00000
QUE002326_mac	0.00000	0.00000	0.99745	0.00251	0.00004	0.00000	0.00000	0.00000	0.00000	0.00000
QUE002336_mac	0.99864	0.00000	0.00000	0.00000	0.00000	0.00000	0.00000	0.00000	0.00136	0.00000
QUE002361_bic	0.00000	0.00000	1.00000	0.00000	0.00000	0.00000	0.00000	0.00000	0.00000	0.00000
QUE002367_mac	0.99948	0.00000	0.00000	0.00000	0.00000	0.00000	0.00000	0.00000	0.00052	0.00000
QUE002400_mac	0.99994	0.00000	0.00000	0.00000	0.00000	0.00000	0.00000	0.00000	0.00006	0.00000
QUE002424_mac	0.99948	0.00000	0.00000	0.00000	0.00000	0.00000	0.00000	0.00000	0.00052	0.00000
QUE002471_mac	0.98895	0.00000	0.00000	0.00000	0.00000	0.00000	0.00001	0.00000	0.01104	0.00000
QUE002480_mac	0.69262	0.00000	0.00000	0.00000	0.00000	0.00000	0.00560	0.00000	0.30178	0.00000
QUE002528_bic	0.00000	0.99994	0.00000	0.00000	0.00000	0.00000	0.00000	0.00000	0.00000	0.00006
QUE002579_mac	0.96122	0.00000	0.00000	0.00000	0.00000	0.00000	0.00004	0.00000	0.03874	0.00000
QUE002364_mac	0.99987	0.00000	0.00000	0.00000	0.00000	0.00000	0.00000	0.00000	0.00013	0.00000
QUE002369_mac	0.99663	0.00000	0.00000	0.00000	0.00000	0.00000	0.00000	0.00000	0.00337	0.00000
QUE002371_mac	0.99836	0.00000	0.00000	0.00000	0.00000	0.00000	0.00000	0.00000	0.00164	0.00000
QUE002373_mac	0.99710	0.00000	0.00000	0.00000	0.00000	0.00000	0.00000	0.00000	0.00290	0.00000
QUE002374_mac	0.96835	0.00000	0.00000	0.00000	0.00000	0.00000	0.00011	0.00000	0.03154	0.00000
QUE001610_mac	0.97044	0.00000	0.00000	0.00000	0.00000	0.00000	0.00003	0.00000	0.02952	0.00000
QUE001796_mac	0.99747	0.00000	0.00000	0.00000	0.00000	0.00000	0.00000	0.00000	0.00252	0.00000
QUE001878_mac	0.79809	0.00000	0.00000	0.00000	0.00003	0.00000	0.00624	0.00000	0.19564	0.00000
QUE001882_mac	0.75283	0.00000	0.00000	0.00000	0.00010	0.00000	0.00929	0.00000	0.23778	0.00000
QUE001900_mac	0.99888	0.00000	0.00000	0.00000	0.00000	0.00000	0.00000	0.00000	0.00112	0.00000
QUE001904_mac	0.98907	0.00000	0.00000	0.00000	0.00000	0.00000	0.00001	0.00000	0.01092	0.00000
QUE001912_mac	0.71230	0.00000	0.00000	0.00000	0.00006	0.00000	0.00857	0.00000	0.27907	0.00000
QUE001924_mac	0.82230	0.00000	0.00000	0.00000	0.00000	0.00000	0.00094	0.00000	0.17676	0.00000
QUE001928_mac	0.99916	0.00000	0.00000	0.00000	0.00000	0.00000	0.00000	0.00000	0.00084	0.00000
QUE001929_mac	0.94420	0.00000	0.00000	0.00000	0.00000	0.00000	0.00019	0.00000	0.05561	0.00000
QUE001936_mac	0.99936	0.00000	0.00000	0.00000	0.00000	0.00000	0.00000	0.00000	0.00064	0.00000
QUE001959_mac	0.99140	0.00000	0.00000	0.00000	0.00000	0.00000	0.00000	0.00000	0.00860	0.00000
QUE001969_mac	0.99968	0.00000	0.00000	0.00000	0.00000	0.00000	0.00000	0.00000	0.00032	0.00000
QUE001980_mac	0.99882	0.00000	0.00000	0.00000	0.00000	0.00000	0.00000	0.00000	0.00118	0.00000
QUE001985_mac	0.99935	0.00000	0.00000	0.00000	0.00000	0.00000	0.00000	0.00000	0.00065	0.00000
QUE002058_mac	0.99017	0.00000	0.00000	0.00000	0.00000	0.00000	0.00000	0.00000	0.00982	0.00000
QUE002068_mac	0.98632	0.00000	0.00000	0.00000	0.00000	0.00000	0.00001	0.00000	0.01368	0.00000
QUE002069_mac	0.99645	0.00000	0.00000	0.00000	0.00000	0.00000	0.00000	0.00000	0.00355	0.00000
QUE002072_mac	0.98522	0.00000	0.00000	0.00000	0.00000	0.00000	0.00000	0.00000	0.01477	0.00000
QUE002073_mac	0.99264	0.00000	0.00000	0.00000	0.00000	0.00000	0.00001	0.00000	0.00735	0.00000
QUE002076_mac	0.99976	0.00000	0.00000	0.00000	0.00000	0.00000	0.00000	0.00000	0.00024	0.00000
QUE002083_mac	0.99532	0.00000	0.00000	0.00000	0.00000	0.00000	0.00000	0.00000	0.00468	0.00000
QUE002084_mac	0.99046	0.00000	0.00000	0.00000	0.00000	0.00000	0.00001	0.00000	0.00952	0.00000
QUE002087_mac	0.99374	0.00000	0.00000	0.00000	0.00000	0.00000	0.00001	0.00000	0.00625	0.00000
QUE002096_mac	0.97688	0.00000	0.00000	0.00000	0.00000	0.00000	0.00005	0.00000	0.02307	0.00000
QUE002110_mac	0.99974	0.00000	0.00000	0.00000	0.00000	0.00000	0.00000	0.00000	0.00026	0.00000
QUE002114_mac	0.99955	0.00000	0.00000	0.00000	0.00000	0.00000	0.00000	0.00000	0.00045	0.00000
QUE002119_mac	0.99771	0.00000	0.00000	0.00000	0.00000	0.00000	0.00000	0.00000	0.00229	0.00000
QUE002132_mac	0.00000	0.00000	0.01977	0.98019	0.00004	0.00000	0.00000	0.00000	0.00000	0.00000
QUE002134_mac	0.97598	0.00000	0.00000	0.00000	0.00000	0.00000	0.00002	0.00000	0.02399	0.00000
QUE002135_mac	0.99213	0.00000	0.00000	0.00000	0.00000	0.00000	0.00000	0.00000	0.00786	0.00000
QUE002136_mac	0.95555	0.00000	0.00000	0.00000	0.00000	0.00000	0.00002	0.00000	0.04443	0.00000
QUE002139_mac	0.00000	0.00000	0.00770	0.98162	0.01068	0.00000	0.00000	0.00000	0.00000	0.00000
QUE002140_mac	0.00677	0.00000	0.00000	0.00000	0.00040	0.00000	0.10107	0.00000	0.89176	0.00000
QUE002141_mac	0.97002	0.00000	0.00000	0.00000	0.00000	0.00000	0.00001	0.00000	0.02997	0.00000
QUE002143_mac	0.97245	0.00000	0.00000	0.00000	0.00000	0.00000	0.00002	0.00000	0.02753	0.00000
QUE002147_mac	0.92611	0.00000	0.00000	0.00000	0.00000	0.00000	0.00043	0.00000	0.07345	0.00000
QUE002148_mac	0.05193	0.00000	0.00000	0.00000	0.00000	0.00000	0.02636	0.00000	0.92171	0.00000
QUE002150_mac	0.99251	0.00000	0.00000	0.00000	0.00000	0.00000	0.00000	0.00000	0.00749	0.00000
QUE002151_mac	0.53269	0.00000	0.00000	0.00000	0.00000	0.00000	0.00032	0.00000	0.46698	0.00000
QUE002159_mac	0.28591	0.00000	0.00000	0.00000	0.00000	0.00000	0.00843	0.00000	0.70566	0.00000
QUE002160_mac	0.95075	0.00000	0.00000	0.00000	0.00000	0.00000	0.00001	0.00000	0.04924	0.00000
QUE002161_mac	0.84133	0.00000	0.00000	0.00000	0.00000	0.00000	0.00017	0.00000	0.15849	0.00000
QUE002166_mac	0.99010	0.00000	0.00000	0.00000	0.00000	0.00000	0.00000	0.00000	0.00989	0.00000
QUE002170_mac	0.99875	0.00000	0.00000	0.00000	0.00000	0.00000	0.00000	0.00000	0.00125	0.00000
QUE002175_mac	0.99866	0.00000	0.00000	0.00000	0.00000	0.00000	0.00000	0.00000	0.00134	0.00000
QUE002194_mac	0.99320	0.00000	0.00000	0.00000	0.00000	0.00000	0.00000	0.00000	0.00679	0.00000
QUE002202_mac	0.97420	0.00000	0.00000	0.00000	0.00000	0.00000	0.00003	0.00000	0.02577	0.00000
QUE002256_mac	0.99988	0.00000	0.00000	0.00000	0.00000	0.00000	0.00000	0.00000	0.00012	0.00000
QUE002265_mac	0.95487	0.00000	0.00000	0.00000	0.00000	0.00000	0.00004	0.00000	0.04509	0.00000
QUE002268_mac	0.85434	0.00000	0.00000	0.00000	0.00000	0.00000	0.00046	0.00000	0.14520	0.00000
QUE002291_mac	0.99831	0.00000	0.00000	0.00000	0.00000	0.00000	0.00000	0.00000	0.00169	0.00000
QUE002299_mac	0.99918	0.00000	0.00000	0.00000	0.00000	0.00000	0.00000	0.00000	0.00082	0.00000
QUE002331_mac	0.74495	0.00000	0.00000	0.00000	0.00000	0.00000	0.00185	0.00000	0.25320	0.00000
QUE002335_mac	0.00047	0.00000	0.00000	0.00000	0.00006	0.00000	0.07682	0.00000	0.92265	0.00000
QUE002338_mac	0.81655	0.00000	0.00000	0.00000	0.00000	0.00000	0.00032	0.00000	0.18313	0.00000
QUE002341_mac	0.49927	0.00000	0.00000	0.00000	0.00000	0.00000	0.00869	0.00000	0.49204	0.00000
QUE002347_bic	0.00000	0.99736	0.00000	0.00000	0.00000	0.00000	0.00000	0.00000	0.00000	0.00263
QUE002379_mac	0.99956	0.00000	0.00000	0.00000	0.00000	0.00000	0.00000	0.00000	0.00044	0.00000
QUE002384_mac	0.99849	0.00000	0.00000	0.00000	0.00000	0.00000	0.00000	0.00000	0.00151	0.00000
QUE002393_mac	0.99745	0.00000	0.00000	0.00000	0.00000	0.00000	0.00000	0.00000	0.00255	0.00000
QUE002404_mac	0.99996	0.00000	0.00000	0.00000	0.00000	0.00000	0.00000	0.00000	0.00004	0.00000
QUE002411_mac	0.99975	0.00000	0.00000	0.00000	0.00000	0.00000	0.00000	0.00000	0.00025	0.00000
QUE002417_mac	0.99389	0.00000	0.00000	0.00000	0.00000	0.00000	0.00000	0.00000	0.00611	0.00000
QUE002427_mac	0.98168	0.00000	0.00000	0.00000	0.00000	0.00000	0.00001	0.00000	0.01831	0.00000
QUE002430_mac	0.99923	0.00000	0.00000	0.00000	0.00000	0.00000	0.00000	0.00000	0.00077	0.00000
QUE002433_mac	0.99877	0.00000	0.00000	0.00000	0.00000	0.00000	0.00000	0.00000	0.00123	0.00000
QUE002443_mac	0.99651	0.00000	0.00000	0.00000	0.00000	0.00000	0.00000	0.00000	0.00349	0.00000
QUE002445_mac	0.99810	0.00000	0.00000	0.00000	0.00000	0.00000	0.00000	0.00000	0.00190	0.00000
QUE002450_mac	0.99998	0.00000	0.00000	0.00000	0.00000	0.00000	0.00000	0.00000	0.00002	0.00000
QUE002453_mac	0.99539	0.00000	0.00000	0.00000	0.00000	0.00000	0.00000	0.00000	0.00461	0.00000
QUE002454_mac	0.95833	0.00000	0.00000	0.00000	0.00000	0.00000	0.00003	0.00000	0.04164	0.00000
QUE002459_mac	0.99278	0.00000	0.00000	0.00000	0.00000	0.00000	0.00001	0.00000	0.00721	0.00000
QUE002460_mac	0.99154	0.00000	0.00000	0.00000	0.00000	0.00000	0.00001	0.00000	0.00845	0.00000
QUE002467_mac	0.99766	0.00000	0.00000	0.00000	0.00000	0.00000	0.00000	0.00000	0.00234	0.00000
QUE002474_mac	0.99979	0.00000	0.00000	0.00000	0.00000	0.00000	0.00000	0.00000	0.00021	0.00000
QUE002478_mac	0.99524	0.00000	0.00000	0.00000	0.00000	0.00000	0.00000	0.00000	0.00476	0.00000
QUE002492_mac	0.99183	0.00000	0.00000	0.00000	0.00000	0.00000	0.00000	0.00000	0.00817	0.00000
QUE002496_mac	0.99932	0.00000	0.00000	0.00000	0.00000	0.00000	0.00000	0.00000	0.00068	0.00000
QUE002502_mac	0.99609	0.00000	0.00000	0.00000	0.00000	0.00000	0.00000	0.00000	0.00391	0.00000
QUE002510_mac	0.99910	0.00000	0.00000	0.00000	0.00000	0.00000	0.00000	0.00000	0.00090	0.00000
QUE002515_mac	0.98632	0.00000	0.00000	0.00000	0.00000	0.00000	0.00001	0.00000	0.01367	0.00000
QUE002518_mac	0.99335	0.00000	0.00000	0.00000	0.00000	0.00000	0.00000	0.00000	0.00665	0.00000
QUE002520_mac	0.97815	0.00000	0.00000	0.00000	0.00000	0.00000	0.00002	0.00000	0.02184	0.00000
QUE002521_mac	0.99946	0.00000	0.00000	0.00000	0.00000	0.00000	0.00000	0.00000	0.00054	0.00000
QUE002529_bic	0.00000	0.99990	0.00000	0.00000	0.00000	0.00000	0.00000	0.00000	0.00000	0.00010
QUE002531_bic	0.00000	0.99959	0.00000	0.00000	0.00000	0.00000	0.00000	0.00000	0.00000	0.00041
QUE002533_mac	0.99899	0.00000	0.00000	0.00000	0.00000	0.00000	0.00000	0.00000	0.00101	0.00000
QUE002542_mac	0.99259	0.00000	0.00000	0.00000	0.00000	0.00000	0.00000	0.00000	0.00741	0.00000
QUE002556_bic	0.00000	0.92590	0.00000	0.00000	0.00000	0.00000	0.00000	0.00194	0.00000	0.07216
QUE002558_mac	0.99981	0.00000	0.00000	0.00000	0.00000	0.00000	0.00000	0.00000	0.00019	0.00000
QUE002559_mac	0.99886	0.00000	0.00000	0.00000	0.00000	0.00000	0.00000	0.00000	0.00114	0.00000
QUE002560_mac	0.99715	0.00000	0.00000	0.00000	0.00000	0.00000	0.00000	0.00000	0.00285	0.00000
QUE002564_mac	0.99951	0.00000	0.00000	0.00000	0.00000	0.00000	0.00000	0.00000	0.00049	0.00000
QUE002570_mac	0.99883	0.00000	0.00000	0.00000	0.00000	0.00000	0.00000	0.00000	0.00117	0.00000
QUE001632_mac	0.99731	0.00000	0.00000	0.00000	0.00000	0.00000	0.00000	0.00000	0.00269	0.00000
QUE001635_mac	0.94849	0.00000	0.00000	0.00000	0.00000	0.00000	0.00004	0.00000	0.05147	0.00000
QUE001636_mac	0.96167	0.00000	0.00000	0.00000	0.00000	0.00000	0.00004	0.00000	0.03829	0.00000
QUE001638_mac	0.86406	0.00000	0.00000	0.00000	0.00000	0.00000	0.00055	0.00000	0.13539	0.00000
QUE001644_mac	0.99903	0.00000	0.00000	0.00000	0.00000	0.00000	0.00000	0.00000	0.00097	0.00000
QUE001645_mac	0.99978	0.00000	0.00000	0.00000	0.00000	0.00000	0.00000	0.00000	0.00022	0.00000
QUE001647_mac	0.99926	0.00000	0.00000	0.00000	0.00000	0.00000	0.00000	0.00000	0.00074	0.00000
QUE001648_mac	0.99813	0.00000	0.00000	0.00000	0.00000	0.00000	0.00000	0.00000	0.00187	0.00000
QUE001650_mac	0.00000	0.00000	0.00000	0.00001	0.91279	0.00000	0.08238	0.00000	0.00482	0.00000
QUE001651_mac	0.99887	0.00000	0.00000	0.00000	0.00000	0.00000	0.00000	0.00000	0.00113	0.00000
QUE001656_mac	0.99749	0.00000	0.00000	0.00000	0.00000	0.00000	0.00000	0.00000	0.00251	0.00000
QUE001658_mac	0.99970	0.00000	0.00000	0.00000	0.00000	0.00000	0.00000	0.00000	0.00030	0.00000
QUE001661_mac	0.91448	0.00000	0.00000	0.00000	0.00000	0.00000	0.00055	0.00000	0.08497	0.00000
QUE001664_mac	0.99916	0.00000	0.00000	0.00000	0.00000	0.00000	0.00000	0.00000	0.00083	0.00000
QUE001667_mac	0.99923	0.00000	0.00000	0.00000	0.00000	0.00000	0.00000	0.00000	0.00077	0.00000
QUE001668_mac	0.99296	0.00000	0.00000	0.00000	0.00000	0.00000	0.00001	0.00000	0.00704	0.00000
QUE001676_mac	0.99129	0.00000	0.00000	0.00000	0.00000	0.00000	0.00000	0.00000	0.00870	0.00000
QUE001677_mac	0.99974	0.00000	0.00000	0.00000	0.00000	0.00000	0.00000	0.00000	0.00026	0.00000
QUE001678_mac	0.99897	0.00000	0.00000	0.00000	0.00000	0.00000	0.00000	0.00000	0.00103	0.00000
QUE001679_mac	0.98806	0.00000	0.00000	0.00000	0.00000	0.00000	0.00001	0.00000	0.01194	0.00000
QUE001684_mac	0.99774	0.00000	0.00000	0.00000	0.00000	0.00000	0.00000	0.00000	0.00226	0.00000
QUE001686_mac	0.99902	0.00000	0.00000	0.00000	0.00000	0.00000	0.00000	0.00000	0.00098	0.00000
QUE001687_mac	0.16636	0.00000	0.00000	0.00000	0.00000	0.00000	0.02550	0.00000	0.80814	0.00000
QUE001690_mac	0.99691	0.00000	0.00000	0.00000	0.00000	0.00000	0.00000	0.00000	0.00309	0.00000
QUE001691_mac	0.99710	0.00000	0.00000	0.00000	0.00000	0.00000	0.00000	0.00000	0.00290	0.00000
QUE001697_mac	0.99613	0.00000	0.00000	0.00000	0.00000	0.00000	0.00000	0.00000	0.00387	0.00000
QUE001700_mac	0.99940	0.00000	0.00000	0.00000	0.00000	0.00000	0.00000	0.00000	0.00060	0.00000
QUE001705_mac	0.99267	0.00000	0.00000	0.00000	0.00000	0.00000	0.00000	0.00000	0.00733	0.00000
QUE001706_mac	0.99930	0.00000	0.00000	0.00000	0.00000	0.00000	0.00000	0.00000	0.00070	0.00000
QUE001713_mac	0.98992	0.00000	0.00000	0.00000	0.00000	0.00000	0.00002	0.00000	0.01006	0.00000
QUE001716_mac	0.56618	0.00000	0.00000	0.00000	0.00000	0.00000	0.00032	0.00000	0.43350	0.00000
QUE001719_mac	0.98320	0.00000	0.00000	0.00000	0.00000	0.00000	0.00002	0.00000	0.01677	0.00000
QUE001721_mac	0.95003	0.00000	0.00000	0.00000	0.00000	0.00000	0.00024	0.00000	0.04974	0.00000
QUE001723_mac	0.99876	0.00000	0.00000	0.00000	0.00000	0.00000	0.00000	0.00000	0.00124	0.00000
QUE001724_mac	0.99096	0.00000	0.00000	0.00000	0.00000	0.00000	0.00001	0.00000	0.00904	0.00000
QUE001652_mac	0.91834	0.00000	0.00000	0.00000	0.00000	0.00000	0.00046	0.00000	0.08120	0.00000
QUE001655_mac	0.97946	0.00000	0.00000	0.00000	0.00000	0.00000	0.00002	0.00000	0.02052	0.00000
QUE001670_mac	0.88327	0.00000	0.00000	0.00000	0.00000	0.00000	0.00071	0.00000	0.11603	0.00000
QUE001673_mac	0.99707	0.00000	0.00000	0.00000	0.00000	0.00000	0.00000	0.00000	0.00293	0.00000
QUE001680_mac	0.99549	0.00000	0.00000	0.00000	0.00000	0.00000	0.00000	0.00000	0.00451	0.00000
QUE001682_mac	0.82975	0.00000	0.00000	0.00000	0.00000	0.00000	0.00055	0.00000	0.16970	0.00000
