ind_ID	Pure_0	Pure_1	F1	F2	P0_F1	P1_F1	P0_P0F1	P1_P1F1	P0_P0P0F1	P1_P1P1F1
QUE002637_mac	0.99991	0.00000	0.00000	0.00000	0.00000	0.00000	0.00000	0.00000	0.00009	0.00000
QUE002631_mac	0.99985	0.00000	0.00000	0.00000	0.00000	0.00000	0.00000	0.00000	0.00015	0.00000
QUE002647_mac	0.99991	0.00000	0.00000	0.00000	0.00000	0.00000	0.00000	0.00000	0.00009	0.00000
QUE002613_mac	1.00000	0.00000	0.00000	0.00000	0.00000	0.00000	0.00000	0.00000	0.00000	0.00000
QUE002614_mac	0.99970	0.00000	0.00000	0.00000	0.00000	0.00000	0.00000	0.00000	0.00030	0.00000
QUE002616_mac	0.99976	0.00000	0.00000	0.00000	0.00000	0.00000	0.00000	0.00000	0.00024	0.00000
QUE002617_mac	0.99998	0.00000	0.00000	0.00000	0.00000	0.00000	0.00000	0.00000	0.00002	0.00000
QUE002599_mac	0.99999	0.00000	0.00000	0.00000	0.00000	0.00000	0.00000	0.00000	0.00001	0.00000
QUE002628_mac	0.99997	0.00000	0.00000	0.00000	0.00000	0.00000	0.00000	0.00000	0.00003	0.00000
QUE002601_mac	0.99979	0.00000	0.00000	0.00000	0.00000	0.00000	0.00000	0.00000	0.00021	0.00000
QUE002638_mac	0.99991	0.00000	0.00000	0.00000	0.00000	0.00000	0.00000	0.00000	0.00009	0.00000
QUE002615_mac	0.99996	0.00000	0.00000	0.00000	0.00000	0.00000	0.00000	0.00000	0.00004	0.00000
QUE002595_mac	1.00000	0.00000	0.00000	0.00000	0.00000	0.00000	0.00000	0.00000	0.00000	0.00000
QUE002634_mac	0.99998	0.00000	0.00000	0.00000	0.00000	0.00000	0.00000	0.00000	0.00002	0.00000
QUE002590_mac	0.99985	0.00000	0.00000	0.00000	0.00000	0.00000	0.00000	0.00000	0.00015	0.00000
QUE002608_mac	0.99999	0.00000	0.00000	0.00000	0.00000	0.00000	0.00000	0.00000	0.00001	0.00000
QUE002641_mac	0.99993	0.00000	0.00000	0.00000	0.00000	0.00000	0.00000	0.00000	0.00007	0.00000
QUE001334_mac	0.99992	0.00000	0.00000	0.00000	0.00000	0.00000	0.00000	0.00000	0.00008	0.00000
QUE001337_mac	0.99989	0.00000	0.00000	0.00000	0.00000	0.00000	0.00000	0.00000	0.00011	0.00000
QUE001338_mac	0.99999	0.00000	0.00000	0.00000	0.00000	0.00000	0.00000	0.00000	0.00001	0.00000
QUE001339_mac	0.99996	0.00000	0.00000	0.00000	0.00000	0.00000	0.00000	0.00000	0.00004	0.00000
QUE001342_mac	0.99992	0.00000	0.00000	0.00000	0.00000	0.00000	0.00000	0.00000	0.00008	0.00000
QUE001343_mac	0.99996	0.00000	0.00000	0.00000	0.00000	0.00000	0.00000	0.00000	0.00004	0.00000
QUE001344_mac	0.00000	0.00000	1.00000	0.00000	0.00000	0.00000	0.00000	0.00000	0.00000	0.00000
QUE001345_mac	0.99999	0.00000	0.00000	0.00000	0.00000	0.00000	0.00000	0.00000	0.00001	0.00000
QUE001346_mac	0.99990	0.00000	0.00000	0.00000	0.00000	0.00000	0.00000	0.00000	0.00010	0.00000
QUE001347_mac	0.99997	0.00000	0.00000	0.00000	0.00000	0.00000	0.00000	0.00000	0.00003	0.00000
QUE001348_mac	0.99957	0.00000	0.00000	0.00000	0.00000	0.00000	0.00000	0.00000	0.00043	0.00000
QUE001350_mac	0.99631	0.00000	0.00000	0.00000	0.00000	0.00000	0.00001	0.00000	0.00368	0.00000
QUE001351_mac	0.99962	0.00000	0.00000	0.00000	0.00000	0.00000	0.00000	0.00000	0.00038	0.00000
QUE001352_mac	0.99827	0.00000	0.00000	0.00000	0.00000	0.00000	0.00002	0.00000	0.00171	0.00000
QUE001370_mac	0.99954	0.00000	0.00000	0.00000	0.00000	0.00000	0.00000	0.00000	0.00046	0.00000
QUE001371_mac	0.99997	0.00000	0.00000	0.00000	0.00000	0.00000	0.00000	0.00000	0.00003	0.00000
QUE001372_mac	0.99987	0.00000	0.00000	0.00000	0.00000	0.00000	0.00000	0.00000	0.00013	0.00000
QUE001487_mac	0.99997	0.00000	0.00000	0.00000	0.00000	0.00000	0.00000	0.00000	0.00003	0.00000
QUE001526_mac	0.99993	0.00000	0.00000	0.00000	0.00000	0.00000	0.00000	0.00000	0.00007	0.00000
QUE001530_mac	0.99997	0.00000	0.00000	0.00000	0.00000	0.00000	0.00000	0.00000	0.00003	0.00000
QUE001532_mac	0.99998	0.00000	0.00000	0.00000	0.00000	0.00000	0.00000	0.00000	0.00002	0.00000
QUE001533_mac	0.99995	0.00000	0.00000	0.00000	0.00000	0.00000	0.00000	0.00000	0.00005	0.00000
QUE001536_mac	0.99962	0.00000	0.00000	0.00000	0.00000	0.00000	0.00000	0.00000	0.00038	0.00000
QUE001541_mac	0.99997	0.00000	0.00000	0.00000	0.00000	0.00000	0.00000	0.00000	0.00003	0.00000
QUE001542_mac	0.99971	0.00000	0.00000	0.00000	0.00000	0.00000	0.00000	0.00000	0.00029	0.00000
QUE001547_mac	0.99975	0.00000	0.00000	0.00000	0.00000	0.00000	0.00000	0.00000	0.00025	0.00000
QUE001548_mac	0.99999	0.00000	0.00000	0.00000	0.00000	0.00000	0.00000	0.00000	0.00001	0.00000
QUE001549_mac	0.99998	0.00000	0.00000	0.00000	0.00000	0.00000	0.00000	0.00000	0.00002	0.00000
QUE001463_alb	0.00000	0.99996	0.00000	0.00000	0.00000	0.00000	0.00000	0.00000	0.00000	0.00004
QUE001551_mac	0.99996	0.00000	0.00000	0.00000	0.00000	0.00000	0.00000	0.00000	0.00004	0.00000
QUE001554_mac	0.99984	0.00000	0.00000	0.00000	0.00000	0.00000	0.00000	0.00000	0.00016	0.00000
QUE001556_mac	0.99991	0.00000	0.00000	0.00000	0.00000	0.00000	0.00000	0.00000	0.00009	0.00000
QUE001758_alb	0.00000	0.99936	0.00000	0.00000	0.00000	0.00000	0.00000	0.00000	0.00000	0.00064
QUE001759_mac	0.99975	0.00000	0.00000	0.00000	0.00000	0.00000	0.00000	0.00000	0.00025	0.00000
QUE001804_mac	0.99998	0.00000	0.00000	0.00000	0.00000	0.00000	0.00000	0.00000	0.00002	0.00000
QUE001814_mac	0.99999	0.00000	0.00000	0.00000	0.00000	0.00000	0.00000	0.00000	0.00001	0.00000
QUE001815_alb	0.00000	0.99978	0.00000	0.00000	0.00000	0.00000	0.00000	0.00000	0.00000	0.00022
QUE001841_alb	0.00000	0.00000	0.00000	0.00000	0.00000	0.00028	0.00000	0.75177	0.00000	0.24794
QUE001863_mac	0.99996	0.00000	0.00000	0.00000	0.00000	0.00000	0.00000	0.00000	0.00004	0.00000
QUE001916_mac	0.99998	0.00000	0.00000	0.00000	0.00000	0.00000	0.00000	0.00000	0.00002	0.00000
QUE001918_alb	0.00000	0.99995	0.00000	0.00000	0.00000	0.00000	0.00000	0.00000	0.00000	0.00005
QUE001932_alb	0.00000	0.99991	0.00000	0.00000	0.00000	0.00000	0.00000	0.00000	0.00000	0.00009
QUE001933_mac	0.99816	0.00000	0.00000	0.00000	0.00000	0.00000	0.00001	0.00000	0.00183	0.00000
QUE001783_mac	0.99937	0.00000	0.00000	0.00000	0.00000	0.00000	0.00000	0.00000	0.00062	0.00000
QUE001880_mac	0.99994	0.00000	0.00000	0.00000	0.00000	0.00000	0.00000	0.00000	0.00006	0.00000
QUE001907_mac	0.99978	0.00000	0.00000	0.00000	0.00000	0.00000	0.00000	0.00000	0.00022	0.00000
QUE001937_mac	0.99980	0.00000	0.00000	0.00000	0.00000	0.00000	0.00000	0.00000	0.00020	0.00000
QUE001963_mac	0.99999	0.00000	0.00000	0.00000	0.00000	0.00000	0.00000	0.00000	0.00001	0.00000
QUE001971_mac	0.99997	0.00000	0.00000	0.00000	0.00000	0.00000	0.00000	0.00000	0.00003	0.00000
QUE001982_mac	0.91809	0.00000	0.00000	0.00000	0.00000	0.00000	0.00254	0.00000	0.07938	0.00000
QUE002057_mac	0.99997	0.00000	0.00000	0.00000	0.00000	0.00000	0.00000	0.00000	0.00003	0.00000
QUE002074_mac	0.99922	0.00000	0.00000	0.00000	0.00000	0.00000	0.00000	0.00000	0.00078	0.00000
QUE002075_alb	0.00000	0.99918	0.00000	0.00000	0.00000	0.00000	0.00000	0.00000	0.00000	0.00082
QUE002081_mac	1.00000	0.00000	0.00000	0.00000	0.00000	0.00000	0.00000	0.00000	0.00000	0.00000
QUE002082_mac	0.99937	0.00000	0.00000	0.00000	0.00000	0.00000	0.00000	0.00000	0.00062	0.00000
QUE002085_mac	0.99988	0.00000	0.00000	0.00000	0.00000	0.00000	0.00000	0.00000	0.00012	0.00000
QUE002091_alb	0.00000	0.99949	0.00000	0.00000	0.00000	0.00000	0.00000	0.00000	0.00000	0.00051
QUE002105_mac	0.99937	0.00000	0.00000	0.00000	0.00000	0.00000	0.00000	0.00000	0.00063	0.00000
QUE002108_alb	0.00000	0.99998	0.00000	0.00000	0.00000	0.00000	0.00000	0.00000	0.00000	0.00002
QUE002121_alb	0.00000	0.99859	0.00000	0.00000	0.00000	0.00000	0.00000	0.00000	0.00000	0.00141
QUE002129_mac	0.99995	0.00000	0.00000	0.00000	0.00000	0.00000	0.00000	0.00000	0.00005	0.00000
QUE002138_alb	0.00000	0.99943	0.00000	0.00000	0.00000	0.00000	0.00000	0.00001	0.00000	0.00056
QUE002154_mac	0.99993	0.00000	0.00000	0.00000	0.00000	0.00000	0.00000	0.00000	0.00007	0.00000
QUE002187_mac	0.99994	0.00000	0.00000	0.00000	0.00000	0.00000	0.00000	0.00000	0.00006	0.00000
QUE002210_alb	0.00000	0.99994	0.00000	0.00000	0.00000	0.00000	0.00000	0.00000	0.00000	0.00006
QUE002251_mac	0.99998	0.00000	0.00000	0.00000	0.00000	0.00000	0.00000	0.00000	0.00002	0.00000
QUE002253_alb	0.00000	0.99665	0.00000	0.00000	0.00000	0.00000	0.00000	0.00003	0.00000	0.00332
QUE002302_mac	0.99976	0.00000	0.00000	0.00000	0.00000	0.00000	0.00000	0.00000	0.00023	0.00000
QUE002304_mac	0.99998	0.00000	0.00000	0.00000	0.00000	0.00000	0.00000	0.00000	0.00002	0.00000
QUE002336_mac	0.99987	0.00000	0.00000	0.00000	0.00000	0.00000	0.00000	0.00000	0.00013	0.00000
QUE002337_alb	0.00000	0.99973	0.00000	0.00000	0.00000	0.00000	0.00000	0.00000	0.00000	0.00027
QUE002355_alb	0.00000	0.99998	0.00000	0.00000	0.00000	0.00000	0.00000	0.00000	0.00000	0.00002
QUE002367_mac	0.99998	0.00000	0.00000	0.00000	0.00000	0.00000	0.00000	0.00000	0.00002	0.00000
QUE002399_alb	0.00000	0.99592	0.00000	0.00000	0.00000	0.00000	0.00000	0.00007	0.00000	0.00401
QUE002400_mac	0.99961	0.00000	0.00000	0.00000	0.00000	0.00000	0.00000	0.00000	0.00039	0.00000
QUE002424_mac	0.99953	0.00000	0.00000	0.00000	0.00000	0.00000	0.00000	0.00000	0.00047	0.00000
QUE002471_mac	0.99893	0.00000	0.00000	0.00000	0.00000	0.00000	0.00000	0.00000	0.00107	0.00000
QUE002480_mac	0.99990	0.00000	0.00000	0.00000	0.00000	0.00000	0.00000	0.00000	0.00010	0.00000
QUE002493_alb	0.00000	0.99921	0.00000	0.00000	0.00000	0.00000	0.00000	0.00001	0.00000	0.00079
QUE002526_alb	0.00000	0.99972	0.00000	0.00000	0.00000	0.00000	0.00000	0.00000	0.00000	0.00028
QUE002535_alb	0.00000	0.99997	0.00000	0.00000	0.00000	0.00000	0.00000	0.00000	0.00000	0.00003
QUE002579_mac	0.99935	0.00000	0.00000	0.00000	0.00000	0.00000	0.00000	0.00000	0.00064	0.00000
QUE002364_mac	1.00000	0.00000	0.00000	0.00000	0.00000	0.00000	0.00000	0.00000	0.00000	0.00000
QUE002369_mac	0.99878	0.00000	0.00000	0.00000	0.00000	0.00000	0.00000	0.00000	0.00122	0.00000
QUE002370_alb	0.00000	0.99986	0.00000	0.00000	0.00000	0.00000	0.00000	0.00000	0.00000	0.00014
QUE002371_mac	0.99997	0.00000	0.00000	0.00000	0.00000	0.00000	0.00000	0.00000	0.00003	0.00000
QUE002373_mac	0.99987	0.00000	0.00000	0.00000	0.00000	0.00000	0.00000	0.00000	0.00013	0.00000
QUE002374_mac	0.99959	0.00000	0.00000	0.00000	0.00000	0.00000	0.00000	0.00000	0.00041	0.00000
QUE002375_alb	0.00000	0.03093	0.00000	0.00000	0.00000	0.00000	0.00000	0.59882	0.00000	0.37025
QUE001610_mac	0.99686	0.00000	0.00000	0.00000	0.00000	0.00000	0.00004	0.00000	0.00310	0.00000
QUE001796_mac	0.99993	0.00000	0.00000	0.00000	0.00000	0.00000	0.00000	0.00000	0.00007	0.00000
QUE001846_alb	0.00000	0.99971	0.00000	0.00000	0.00000	0.00000	0.00000	0.00000	0.00000	0.00029
QUE001878_mac	0.99983	0.00000	0.00000	0.00000	0.00000	0.00000	0.00000	0.00000	0.00017	0.00000
QUE001885_alb	0.00000	0.00000	1.00000	0.00000	0.00000	0.00000	0.00000	0.00000	0.00000	0.00000
QUE001900_mac	0.99967	0.00000	0.00000	0.00000	0.00000	0.00000	0.00000	0.00000	0.00033	0.00000
QUE001904_mac	0.99937	0.00000	0.00000	0.00000	0.00000	0.00000	0.00000	0.00000	0.00062	0.00000
QUE001912_mac	0.99974	0.00000	0.00000	0.00000	0.00000	0.00000	0.00000	0.00000	0.00026	0.00000
QUE001920_alb	0.00000	0.00000	0.99999	0.00001	0.00000	0.00000	0.00000	0.00000	0.00000	0.00000
QUE001922_mac	0.00000	0.00000	1.00000	0.00000	0.00000	0.00000	0.00000	0.00000	0.00000	0.00000
QUE001924_mac	0.99833	0.00000	0.00000	0.00000	0.00000	0.00000	0.00002	0.00000	0.00165	0.00000
QUE001928_mac	0.99998	0.00000	0.00000	0.00000	0.00000	0.00000	0.00000	0.00000	0.00002	0.00000
QUE001929_mac	0.99982	0.00000	0.00000	0.00000	0.00000	0.00000	0.00000	0.00000	0.00018	0.00000
QUE001936_mac	0.99999	0.00000	0.00000	0.00000	0.00000	0.00000	0.00000	0.00000	0.00001	0.00000
QUE001943_alb	0.00000	0.99988	0.00000	0.00000	0.00000	0.00000	0.00000	0.00000	0.00000	0.00012
QUE001959_mac	0.99992	0.00000	0.00000	0.00000	0.00000	0.00000	0.00000	0.00000	0.00008	0.00000
QUE001969_mac	0.99996	0.00000	0.00000	0.00000	0.00000	0.00000	0.00000	0.00000	0.00004	0.00000
QUE001980_mac	0.99998	0.00000	0.00000	0.00000	0.00000	0.00000	0.00000	0.00000	0.00002	0.00000
QUE001985_mac	0.99988	0.00000	0.00000	0.00000	0.00000	0.00000	0.00000	0.00000	0.00012	0.00000
QUE002058_mac	0.99928	0.00000	0.00000	0.00000	0.00000	0.00000	0.00000	0.00000	0.00072	0.00000
QUE002068_mac	0.99995	0.00000	0.00000	0.00000	0.00000	0.00000	0.00000	0.00000	0.00005	0.00000
QUE002069_mac	0.99910	0.00000	0.00000	0.00000	0.00000	0.00000	0.00001	0.00000	0.00089	0.00000
QUE002072_mac	0.99970	0.00000	0.00000	0.00000	0.00000	0.00000	0.00000	0.00000	0.00030	0.00000
QUE002073_mac	0.99910	0.00000	0.00000	0.00000	0.00000	0.00000	0.00000	0.00000	0.00090	0.00000
QUE002076_mac	0.99913	0.00000	0.00000	0.00000	0.00000	0.00000	0.00001	0.00000	0.00086	0.00000
QUE002083_mac	0.99962	0.00000	0.00000	0.00000	0.00000	0.00000	0.00000	0.00000	0.00038	0.00000
QUE002084_mac	0.99906	0.00000	0.00000	0.00000	0.00000	0.00000	0.00001	0.00000	0.00093	0.00000
QUE002087_mac	0.99975	0.00000	0.00000	0.00000	0.00000	0.00000	0.00000	0.00000	0.00025	0.00000
QUE002096_mac	0.99987	0.00000	0.00000	0.00000	0.00000	0.00000	0.00000	0.00000	0.00013	0.00000
QUE002106_mac	0.00000	0.00000	1.00000	0.00000	0.00000	0.00000	0.00000	0.00000	0.00000	0.00000
QUE002109_alb	0.00000	0.99990	0.00000	0.00000	0.00000	0.00000	0.00000	0.00000	0.00000	0.00010
QUE002110_mac	0.99968	0.00000	0.00000	0.00000	0.00000	0.00000	0.00000	0.00000	0.00032	0.00000
QUE002114_mac	0.99987	0.00000	0.00000	0.00000	0.00000	0.00000	0.00000	0.00000	0.00013	0.00000
QUE002119_mac	0.99989	0.00000	0.00000	0.00000	0.00000	0.00000	0.00000	0.00000	0.00011	0.00000
QUE002124_alb	0.00000	0.99990	0.00000	0.00000	0.00000	0.00000	0.00000	0.00000	0.00000	0.00010
QUE002128_alb	0.00000	0.99998	0.00000	0.00000	0.00000	0.00000	0.00000	0.00000	0.00000	0.00002
QUE002135_mac	0.95812	0.00000	0.00000	0.00000	0.00000	0.00000	0.00262	0.00000	0.03926	0.00000
QUE002136_mac	0.99984	0.00000	0.00000	0.00000	0.00000	0.00000	0.00000	0.00000	0.00016	0.00000
QUE002147_mac	0.99989	0.00000	0.00000	0.00000	0.00000	0.00000	0.00000	0.00000	0.00011	0.00000
QUE002148_mac	0.99981	0.00000	0.00000	0.00000	0.00000	0.00000	0.00000	0.00000	0.00019	0.00000
QUE002149_alb	0.00000	0.00000	1.00000	0.00000	0.00000	0.00000	0.00000	0.00000	0.00000	0.00000
QUE002151_mac	0.99993	0.00000	0.00000	0.00000	0.00000	0.00000	0.00000	0.00000	0.00007	0.00000
QUE002159_mac	0.97811	0.00000	0.00000	0.00000	0.00000	0.00000	0.00091	0.00000	0.02098	0.00000
QUE002160_mac	0.99990	0.00000	0.00000	0.00000	0.00000	0.00000	0.00000	0.00000	0.00010	0.00000
QUE002161_mac	0.99998	0.00000	0.00000	0.00000	0.00000	0.00000	0.00000	0.00000	0.00002	0.00000
QUE002166_mac	0.96254	0.00000	0.00000	0.00000	0.00000	0.00000	0.00044	0.00000	0.03702	0.00000
QUE002170_mac	0.99976	0.00000	0.00000	0.00000	0.00000	0.00000	0.00000	0.00000	0.00024	0.00000
QUE002175_mac	0.99991	0.00000	0.00000	0.00000	0.00000	0.00000	0.00000	0.00000	0.00009	0.00000
QUE002176_alb	0.00000	0.99906	0.00000	0.00000	0.00000	0.00000	0.00000	0.00000	0.00000	0.00094
QUE002194_mac	0.99974	0.00000	0.00000	0.00000	0.00000	0.00000	0.00000	0.00000	0.00026	0.00000
QUE002202_mac	0.96490	0.00000	0.00000	0.00000	0.00000	0.00000	0.00056	0.00000	0.03454	0.00000
QUE002216_alb	0.00000	0.99997	0.00000	0.00000	0.00000	0.00000	0.00000	0.00000	0.00000	0.00003
QUE002225_alb	0.00000	0.99856	0.00000	0.00000	0.00000	0.00000	0.00000	0.00001	0.00000	0.00143
QUE002232_alb	0.00000	0.99997	0.00000	0.00000	0.00000	0.00000	0.00000	0.00000	0.00000	0.00003
QUE002256_mac	0.99905	0.00000	0.00000	0.00000	0.00000	0.00000	0.00000	0.00000	0.00095	0.00000
QUE002261_alb	0.00000	0.99994	0.00000	0.00000	0.00000	0.00000	0.00000	0.00000	0.00000	0.00006
QUE002265_mac	0.99999	0.00000	0.00000	0.00000	0.00000	0.00000	0.00000	0.00000	0.00001	0.00000
QUE002268_mac	0.99998	0.00000	0.00000	0.00000	0.00000	0.00000	0.00000	0.00000	0.00002	0.00000
QUE002269_alb	0.00000	0.99995	0.00000	0.00000	0.00000	0.00000	0.00000	0.00000	0.00000	0.00005
QUE002275_alb	0.00000	0.99953	0.00000	0.00000	0.00000	0.00000	0.00000	0.00000	0.00000	0.00047
QUE002291_mac	0.99999	0.00000	0.00000	0.00000	0.00000	0.00000	0.00000	0.00000	0.00001	0.00000
QUE002299_mac	0.99979	0.00000	0.00000	0.00000	0.00000	0.00000	0.00000	0.00000	0.00021	0.00000
QUE002313_alb	0.00000	0.95290	0.00000	0.00000	0.00000	0.00000	0.00000	0.00112	0.00000	0.04598
QUE002314_alb	0.00000	0.99995	0.00000	0.00000	0.00000	0.00000	0.00000	0.00000	0.00000	0.00005
QUE002315_alb	0.00000	0.99995	0.00000	0.00000	0.00000	0.00000	0.00000	0.00000	0.00000	0.00005
QUE002319_alb	0.00000	0.99992	0.00000	0.00000	0.00000	0.00000	0.00000	0.00000	0.00000	0.00008
QUE002324_alb	0.00000	0.99999	0.00000	0.00000	0.00000	0.00000	0.00000	0.00000	0.00000	0.00001
QUE002338_mac	0.99716	0.00000	0.00000	0.00000	0.00000	0.00000	0.00000	0.00000	0.00283	0.00000
QUE002339_alb	0.00000	0.99970	0.00000	0.00000	0.00000	0.00000	0.00000	0.00000	0.00000	0.00030
QUE002341_mac	0.75858	0.00000	0.00000	0.00000	0.00000	0.00000	0.00408	0.00000	0.23734	0.00000
QUE002342_alb	0.00000	0.99990	0.00000	0.00000	0.00000	0.00000	0.00000	0.00000	0.00000	0.00010
QUE002346_alb	0.00000	0.99999	0.00000	0.00000	0.00000	0.00000	0.00000	0.00000	0.00000	0.00001
QUE002351_alb	0.00000	0.99996	0.00000	0.00000	0.00000	0.00000	0.00000	0.00000	0.00000	0.00004
QUE002362_alb	0.00000	0.99993	0.00000	0.00000	0.00000	0.00000	0.00000	0.00000	0.00000	0.00007
QUE002379_mac	0.99995	0.00000	0.00000	0.00000	0.00000	0.00000	0.00000	0.00000	0.00005	0.00000
QUE002383_alb	0.00000	0.99993	0.00000	0.00000	0.00000	0.00000	0.00000	0.00000	0.00000	0.00007
QUE002384_mac	0.99999	0.00000	0.00000	0.00000	0.00000	0.00000	0.00000	0.00000	0.00001	0.00000
QUE002385_alb	0.00000	0.00000	1.00000	0.00000	0.00000	0.00000	0.00000	0.00000	0.00000	0.00000
QUE002392_alb	0.00000	0.99999	0.00000	0.00000	0.00000	0.00000	0.00000	0.00000	0.00000	0.00001
QUE002393_mac	0.99991	0.00000	0.00000	0.00000	0.00000	0.00000	0.00000	0.00000	0.00009	0.00000
QUE002404_mac	0.99997	0.00000	0.00000	0.00000	0.00000	0.00000	0.00000	0.00000	0.00003	0.00000
QUE002410_alb	0.00000	0.99952	0.00000	0.00000	0.00000	0.00000	0.00000	0.00000	0.00000	0.00048
QUE002411_mac	0.99999	0.00000	0.00000	0.00000	0.00000	0.00000	0.00000	0.00000	0.00001	0.00000
QUE002416_alb	0.00000	0.99980	0.00000	0.00000	0.00000	0.00000	0.00000	0.00000	0.00000	0.00020
QUE002417_mac	0.99998	0.00000	0.00000	0.00000	0.00000	0.00000	0.00000	0.00000	0.00002	0.00000
QUE002422_alb	0.00000	0.92032	0.00000	0.00000	0.00000	0.00000	0.00000	0.00470	0.00000	0.07499
QUE002427_mac	0.99997	0.00000	0.00000	0.00000	0.00000	0.00000	0.00000	0.00000	0.00003	0.00000
QUE002430_mac	0.99997	0.00000	0.00000	0.00000	0.00000	0.00000	0.00000	0.00000	0.00003	0.00000
QUE002433_mac	0.99997	0.00000	0.00000	0.00000	0.00000	0.00000	0.00000	0.00000	0.00003	0.00000
QUE002443_mac	0.99998	0.00000	0.00000	0.00000	0.00000	0.00000	0.00000	0.00000	0.00002	0.00000
QUE002445_mac	0.99994	0.00000	0.00000	0.00000	0.00000	0.00000	0.00000	0.00000	0.00006	0.00000
QUE002450_mac	0.99999	0.00000	0.00000	0.00000	0.00000	0.00000	0.00000	0.00000	0.00001	0.00000
QUE002453_mac	0.99997	0.00000	0.00000	0.00000	0.00000	0.00000	0.00000	0.00000	0.00003	0.00000
QUE002454_mac	0.99939	0.00000	0.00000	0.00000	0.00000	0.00000	0.00000	0.00000	0.00061	0.00000
QUE002459_mac	0.99992	0.00000	0.00000	0.00000	0.00000	0.00000	0.00000	0.00000	0.00008	0.00000
QUE002460_mac	0.99998	0.00000	0.00000	0.00000	0.00000	0.00000	0.00000	0.00000	0.00002	0.00000
QUE002467_mac	0.99999	0.00000	0.00000	0.00000	0.00000	0.00000	0.00000	0.00000	0.00001	0.00000
QUE002474_mac	0.99999	0.00000	0.00000	0.00000	0.00000	0.00000	0.00000	0.00000	0.00001	0.00000
QUE002478_mac	0.99999	0.00000	0.00000	0.00000	0.00000	0.00000	0.00000	0.00000	0.00001	0.00000
QUE002487_alb	0.00000	0.99937	0.00000	0.00000	0.00000	0.00000	0.00000	0.00000	0.00000	0.00063
QUE002492_mac	0.99832	0.00000	0.00000	0.00000	0.00000	0.00000	0.00001	0.00000	0.00168	0.00000
QUE002494_alb	0.00000	0.99996	0.00000	0.00000	0.00000	0.00000	0.00000	0.00000	0.00000	0.00004
QUE002495_alb	0.00000	0.99806	0.00000	0.00000	0.00000	0.00000	0.00000	0.00001	0.00000	0.00193
QUE002496_mac	0.99999	0.00000	0.00000	0.00000	0.00000	0.00000	0.00000	0.00000	0.00001	0.00000
QUE002502_mac	0.99989	0.00000	0.00000	0.00000	0.00000	0.00000	0.00000	0.00000	0.00011	0.00000
QUE002503_alb	0.00000	0.99994	0.00000	0.00000	0.00000	0.00000	0.00000	0.00000	0.00000	0.00006
QUE002510_mac	0.99927	0.00000	0.00000	0.00000	0.00000	0.00000	0.00000	0.00000	0.00073	0.00000
QUE002511_alb	0.00000	0.99992	0.00000	0.00000	0.00000	0.00000	0.00000	0.00000	0.00000	0.00008
QUE002515_mac	0.99998	0.00000	0.00000	0.00000	0.00000	0.00000	0.00000	0.00000	0.00002	0.00000
QUE002518_mac	0.99986	0.00000	0.00000	0.00000	0.00000	0.00000	0.00000	0.00000	0.00014	0.00000
QUE002520_mac	0.99984	0.00000	0.00000	0.00000	0.00000	0.00000	0.00000	0.00000	0.00016	0.00000
QUE002521_mac	0.99994	0.00000	0.00000	0.00000	0.00000	0.00000	0.00000	0.00000	0.00006	0.00000
QUE002522_alb	0.00000	0.99993	0.00000	0.00000	0.00000	0.00000	0.00000	0.00000	0.00000	0.00007
QUE002533_mac	0.99999	0.00000	0.00000	0.00000	0.00000	0.00000	0.00000	0.00000	0.00001	0.00000
QUE002534_alb	0.00000	0.99993	0.00000	0.00000	0.00000	0.00000	0.00000	0.00000	0.00000	0.00007
QUE002542_mac	0.99997	0.00000	0.00000	0.00000	0.00000	0.00000	0.00000	0.00000	0.00003	0.00000
QUE002544_alb	0.00000	0.99947	0.00000	0.00000	0.00000	0.00000	0.00000	0.00000	0.00000	0.00052
QUE002555_alb	0.00000	0.99996	0.00000	0.00000	0.00000	0.00000	0.00000	0.00000	0.00000	0.00004
QUE002558_mac	0.99996	0.00000	0.00000	0.00000	0.00000	0.00000	0.00000	0.00000	0.00004	0.00000
QUE002559_mac	0.99996	0.00000	0.00000	0.00000	0.00000	0.00000	0.00000	0.00000	0.00004	0.00000
QUE002560_mac	0.99927	0.00000	0.00000	0.00000	0.00000	0.00000	0.00000	0.00000	0.00073	0.00000
QUE002564_mac	0.99994	0.00000	0.00000	0.00000	0.00000	0.00000	0.00000	0.00000	0.00006	0.00000
QUE002581_mac	0.98794	0.00000	0.00000	0.00000	0.00000	0.00000	0.00039	0.00000	0.01167	0.00000
QUE002570_mac	0.99979	0.00000	0.00000	0.00000	0.00000	0.00000	0.00000	0.00000	0.00021	0.00000
QUE001632_mac	0.99904	0.00000	0.00000	0.00000	0.00000	0.00000	0.00001	0.00000	0.00095	0.00000
QUE001635_mac	0.99989	0.00000	0.00000	0.00000	0.00000	0.00000	0.00000	0.00000	0.00011	0.00000
QUE001636_mac	0.99993	0.00000	0.00000	0.00000	0.00000	0.00000	0.00000	0.00000	0.00007	0.00000
QUE001638_mac	0.99983	0.00000	0.00000	0.00000	0.00000	0.00000	0.00000	0.00000	0.00017	0.00000
QUE001644_mac	0.99998	0.00000	0.00000	0.00000	0.00000	0.00000	0.00000	0.00000	0.00002	0.00000
QUE001645_mac	0.99997	0.00000	0.00000	0.00000	0.00000	0.00000	0.00000	0.00000	0.00003	0.00000
QUE001647_mac	0.99998	0.00000	0.00000	0.00000	0.00000	0.00000	0.00000	0.00000	0.00002	0.00000
QUE001648_mac	0.99994	0.00000	0.00000	0.00000	0.00000	0.00000	0.00000	0.00000	0.00006	0.00000
QUE001651_mac	0.99997	0.00000	0.00000	0.00000	0.00000	0.00000	0.00000	0.00000	0.00003	0.00000
QUE001654_alb	0.00000	0.99997	0.00000	0.00000	0.00000	0.00000	0.00000	0.00000	0.00000	0.00003
QUE001656_mac	0.99999	0.00000	0.00000	0.00000	0.00000	0.00000	0.00000	0.00000	0.00001	0.00000
QUE001658_mac	0.99987	0.00000	0.00000	0.00000	0.00000	0.00000	0.00000	0.00000	0.00013	0.00000
QUE001661_mac	0.99904	0.00000	0.00000	0.00000	0.00000	0.00000	0.00001	0.00000	0.00095	0.00000
QUE001664_mac	0.99977	0.00000	0.00000	0.00000	0.00000	0.00000	0.00000	0.00000	0.00023	0.00000
QUE001667_mac	0.99778	0.00000	0.00000	0.00000	0.00000	0.00000	0.00001	0.00000	0.00221	0.00000
QUE001668_mac	0.99992	0.00000	0.00000	0.00000	0.00000	0.00000	0.00000	0.00000	0.00008	0.00000
QUE001676_mac	0.99992	0.00000	0.00000	0.00000	0.00000	0.00000	0.00000	0.00000	0.00008	0.00000
QUE001677_mac	0.99996	0.00000	0.00000	0.00000	0.00000	0.00000	0.00000	0.00000	0.00004	0.00000
QUE001678_mac	0.99995	0.00000	0.00000	0.00000	0.00000	0.00000	0.00000	0.00000	0.00005	0.00000
QUE001679_mac	0.99994	0.00000	0.00000	0.00000	0.00000	0.00000	0.00000	0.00000	0.00006	0.00000
QUE001684_mac	0.99984	0.00000	0.00000	0.00000	0.00000	0.00000	0.00000	0.00000	0.00016	0.00000
QUE001686_mac	0.99979	0.00000	0.00000	0.00000	0.00000	0.00000	0.00000	0.00000	0.00020	0.00000
QUE001687_mac	0.99981	0.00000	0.00000	0.00000	0.00000	0.00000	0.00000	0.00000	0.00019	0.00000
QUE001690_mac	0.99974	0.00000	0.00000	0.00000	0.00000	0.00000	0.00000	0.00000	0.00026	0.00000
QUE001691_mac	0.99998	0.00000	0.00000	0.00000	0.00000	0.00000	0.00000	0.00000	0.00002	0.00000
QUE001697_mac	0.99984	0.00000	0.00000	0.00000	0.00000	0.00000	0.00000	0.00000	0.00016	0.00000
QUE001700_mac	0.99999	0.00000	0.00000	0.00000	0.00000	0.00000	0.00000	0.00000	0.00001	0.00000
QUE001705_mac	0.99987	0.00000	0.00000	0.00000	0.00000	0.00000	0.00000	0.00000	0.00012	0.00000
QUE001706_mac	0.99987	0.00000	0.00000	0.00000	0.00000	0.00000	0.00000	0.00000	0.00013	0.00000
QUE001713_mac	0.99996	0.00000	0.00000	0.00000	0.00000	0.00000	0.00000	0.00000	0.00004	0.00000
QUE001716_mac	0.99989	0.00000	0.00000	0.00000	0.00000	0.00000	0.00000	0.00000	0.00011	0.00000
QUE001719_mac	0.99911	0.00000	0.00000	0.00000	0.00000	0.00000	0.00000	0.00000	0.00089	0.00000
QUE001721_mac	0.99995	0.00000	0.00000	0.00000	0.00000	0.00000	0.00000	0.00000	0.00005	0.00000
QUE001723_mac	0.99997	0.00000	0.00000	0.00000	0.00000	0.00000	0.00000	0.00000	0.00003	0.00000
QUE001724_mac	0.99996	0.00000	0.00000	0.00000	0.00000	0.00000	0.00000	0.00000	0.00004	0.00000
QUE001652_mac	0.98982	0.00000	0.00000	0.00000	0.00000	0.00000	0.00019	0.00000	0.00999	0.00000
QUE001655_mac	0.99993	0.00000	0.00000	0.00000	0.00000	0.00000	0.00000	0.00000	0.00007	0.00000
QUE001670_mac	0.99928	0.00000	0.00000	0.00000	0.00000	0.00000	0.00001	0.00000	0.00072	0.00000
QUE001673_mac	0.99980	0.00000	0.00000	0.00000	0.00000	0.00000	0.00000	0.00000	0.00020	0.00000
QUE001680_mac	0.99995	0.00000	0.00000	0.00000	0.00000	0.00000	0.00000	0.00000	0.00005	0.00000
QUE001682_mac	0.99999	0.00000	0.00000	0.00000	0.00000	0.00000	0.00000	0.00000	0.00001	0.00000
