600000_sweeps	IndivName	1.000/0.000/0.000/0.000	0.000/0.000/0.000/1.000	0.000/0.500/0.500/0.000	0.250/0.250/0.250/0.250	0.500/0.250/0.250/0.000	0.000/0.250/0.250/0.500	0.750/0.125/0.125/0.000	0.000/0.125/0.125/0.750	0.875/0.062/0.062/0.000	0.000/0.062/0.062/0.875
1	NoName	0.00000	0.99996	0.00000	0.00000	0.00000	0.00000	0.00000	0.00000	0.00000	0.00004
2	NoName	0.99998	0.00000	0.00000	0.00000	0.00000	0.00000	0.00000	0.00000	0.00002	0.00000
3	NoName	0.99997	0.00000	0.00000	0.00000	0.00000	0.00000	0.00000	0.00000	0.00003	0.00000
4	NoName	0.99999	0.00000	0.00000	0.00000	0.00000	0.00000	0.00000	0.00000	0.00001	0.00000
5	NoName	0.99999	0.00000	0.00000	0.00000	0.00000	0.00000	0.00000	0.00000	0.00001	0.00000
6	NoName	0.99999	0.00000	0.00000	0.00000	0.00000	0.00000	0.00000	0.00000	0.00001	0.00000
7	NoName	0.99998	0.00000	0.00000	0.00000	0.00000	0.00000	0.00000	0.00000	0.00002	0.00000
8	NoName	1.00000	0.00000	0.00000	0.00000	0.00000	0.00000	0.00000	0.00000	0.00000	0.00000
9	NoName	1.00000	0.00000	0.00000	0.00000	0.00000	0.00000	0.00000	0.00000	0.00000	0.00000
10	NoName	0.99994	0.00000	0.00000	0.00000	0.00000	0.00000	0.00000	0.00000	0.00006	0.00000
11	NoName	0.99965	0.00000	0.00000	0.00000	0.00000	0.00000	0.00000	0.00000	0.00035	0.00000
12	NoName	0.00000	0.99991	0.00000	0.00000	0.00000	0.00000	0.00000	0.00000	0.00000	0.00009
13	NoName	0.00000	1.00000	0.00000	0.00000	0.00000	0.00000	0.00000	0.00000	0.00000	0.00000
14	NoName	0.99999	0.00000	0.00000	0.00000	0.00000	0.00000	0.00000	0.00000	0.00001	0.00000
15	NoName	0.99997	0.00000	0.00000	0.00000	0.00000	0.00000	0.00000	0.00000	0.00003	0.00000
16	NoName	0.00000	0.99994	0.00000	0.00000	0.00000	0.00000	0.00000	0.00000	0.00000	0.00006
17	NoName	0.00000	0.99988	0.00000	0.00000	0.00000	0.00000	0.00000	0.00000	0.00000	0.00012
18	NoName	0.00000	0.99998	0.00000	0.00000	0.00000	0.00000	0.00000	0.00000	0.00000	0.00002
19	NoName	0.00000	0.99997	0.00000	0.00000	0.00000	0.00000	0.00000	0.00000	0.00000	0.00003
20	NoName	0.00000	0.99999	0.00000	0.00000	0.00000	0.00000	0.00000	0.00000	0.00000	0.00001
21	NoName	0.00000	0.99999	0.00000	0.00000	0.00000	0.00000	0.00000	0.00000	0.00000	0.00001
22	NoName	0.00000	0.99995	0.00000	0.00000	0.00000	0.00000	0.00000	0.00000	0.00000	0.00005
23	NoName	0.99818	0.00000	0.00000	0.00000	0.00000	0.00000	0.00001	0.00000	0.00181	0.00000
24	NoName	0.99999	0.00000	0.00000	0.00000	0.00000	0.00000	0.00000	0.00000	0.00001	0.00000
25	NoName	0.00000	0.99997	0.00000	0.00000	0.00000	0.00000	0.00000	0.00000	0.00000	0.00003
26	NoName	0.99999	0.00000	0.00000	0.00000	0.00000	0.00000	0.00000	0.00000	0.00001	0.00000
27	NoName	0.99908	0.00000	0.00000	0.00000	0.00000	0.00000	0.00000	0.00000	0.00092	0.00000
28	NoName	0.00000	0.99996	0.00000	0.00000	0.00000	0.00000	0.00000	0.00000	0.00000	0.00004
29	NoName	0.00000	0.99995	0.00000	0.00000	0.00000	0.00000	0.00000	0.00000	0.00000	0.00005
30	NoName	0.00000	0.99998	0.00000	0.00000	0.00000	0.00000	0.00000	0.00000	0.00000	0.00002
31	NoName	0.00000	0.99997	0.00000	0.00000	0.00000	0.00000	0.00000	0.00000	0.00000	0.00003
32	NoName	0.00000	0.99996	0.00000	0.00000	0.00000	0.00000	0.00000	0.00000	0.00000	0.00004
33	NoName	0.00000	0.99992	0.00000	0.00000	0.00000	0.00000	0.00000	0.00000	0.00000	0.00008
34	NoName	0.00000	0.99988	0.00000	0.00000	0.00000	0.00000	0.00000	0.00000	0.00000	0.00012
35	NoName	0.00000	0.99998	0.00000	0.00000	0.00000	0.00000	0.00000	0.00000	0.00000	0.00002
36	NoName	0.00000	0.99996	0.00000	0.00000	0.00000	0.00000	0.00000	0.00000	0.00000	0.00004
37	NoName	0.00000	0.99998	0.00000	0.00000	0.00000	0.00000	0.00000	0.00000	0.00000	0.00002
38	NoName	0.00000	1.00000	0.00000	0.00000	0.00000	0.00000	0.00000	0.00000	0.00000	0.00000
39	NoName	0.00000	0.99783	0.00000	0.00000	0.00000	0.00000	0.00000	0.00007	0.00000	0.00209
40	NoName	0.00000	0.99992	0.00000	0.00000	0.00000	0.00000	0.00000	0.00000	0.00000	0.00008
41	NoName	0.00000	0.99996	0.00000	0.00000	0.00000	0.00000	0.00000	0.00000	0.00000	0.00004
42	NoName	0.00000	0.99996	0.00000	0.00000	0.00000	0.00000	0.00000	0.00000	0.00000	0.00003
43	NoName	0.99999	0.00000	0.00000	0.00000	0.00000	0.00000	0.00000	0.00000	0.00001	0.00000
44	NoName	0.99992	0.00000	0.00000	0.00000	0.00000	0.00000	0.00000	0.00000	0.00008	0.00000
45	NoName	0.00000	1.00000	0.00000	0.00000	0.00000	0.00000	0.00000	0.00000	0.00000	0.00000
46	NoName	0.00000	0.99997	0.00000	0.00000	0.00000	0.00000	0.00000	0.00000	0.00000	0.00003
47	NoName	0.99967	0.00000	0.00000	0.00000	0.00000	0.00000	0.00000	0.00000	0.00033	0.00000
48	NoName	0.00000	0.99999	0.00000	0.00000	0.00000	0.00000	0.00000	0.00000	0.00000	0.00001
49	NoName	1.00000	0.00000	0.00000	0.00000	0.00000	0.00000	0.00000	0.00000	0.00000	0.00000
50	NoName	0.00000	0.99978	0.00000	0.00000	0.00000	0.00000	0.00000	0.00000	0.00000	0.00022
51	NoName	0.00000	0.99986	0.00000	0.00000	0.00000	0.00000	0.00000	0.00000	0.00000	0.00014
52	NoName	0.00000	0.99987	0.00000	0.00000	0.00000	0.00000	0.00000	0.00000	0.00000	0.00013
53	NoName	0.00000	0.99999	0.00000	0.00000	0.00000	0.00000	0.00000	0.00000	0.00000	0.00001
54	NoName	0.00000	0.99999	0.00000	0.00000	0.00000	0.00000	0.00000	0.00000	0.00000	0.00001
55	NoName	0.00000	0.99999	0.00000	0.00000	0.00000	0.00000	0.00000	0.00000	0.00000	0.00001
56	NoName	0.00000	0.99998	0.00000	0.00000	0.00000	0.00000	0.00000	0.00000	0.00000	0.00002
57	NoName	0.00000	0.99998	0.00000	0.00000	0.00000	0.00000	0.00000	0.00000	0.00000	0.00002
58	NoName	0.00000	0.99999	0.00000	0.00000	0.00000	0.00000	0.00000	0.00000	0.00000	0.00001
59	NoName	0.00000	0.99999	0.00000	0.00000	0.00000	0.00000	0.00000	0.00000	0.00000	0.00001
60	NoName	0.00000	1.00000	0.00000	0.00000	0.00000	0.00000	0.00000	0.00000	0.00000	0.00000
61	NoName	0.00000	0.99997	0.00000	0.00000	0.00000	0.00000	0.00000	0.00000	0.00000	0.00003
62	NoName	0.00000	0.99999	0.00000	0.00000	0.00000	0.00000	0.00000	0.00000	0.00000	0.00001
63	NoName	0.00000	0.99998	0.00000	0.00000	0.00000	0.00000	0.00000	0.00000	0.00000	0.00002
64	NoName	0.00000	0.99997	0.00000	0.00000	0.00000	0.00000	0.00000	0.00000	0.00000	0.00003
65	NoName	0.00000	0.99993	0.00000	0.00000	0.00000	0.00000	0.00000	0.00000	0.00000	0.00007
66	NoName	0.00000	0.99991	0.00000	0.00000	0.00000	0.00000	0.00000	0.00000	0.00000	0.00009
67	NoName	0.00000	0.99995	0.00000	0.00000	0.00000	0.00000	0.00000	0.00000	0.00000	0.00005
68	NoName	0.00000	1.00000	0.00000	0.00000	0.00000	0.00000	0.00000	0.00000	0.00000	0.00000
69	NoName	0.00000	0.99999	0.00000	0.00000	0.00000	0.00000	0.00000	0.00000	0.00000	0.00001
70	NoName	0.00000	0.99997	0.00000	0.00000	0.00000	0.00000	0.00000	0.00000	0.00000	0.00003
71	NoName	0.00000	0.99994	0.00000	0.00000	0.00000	0.00000	0.00000	0.00000	0.00000	0.00006
72	NoName	0.00000	0.99998	0.00000	0.00000	0.00000	0.00000	0.00000	0.00000	0.00000	0.00002
73	NoName	0.00000	0.99943	0.00000	0.00000	0.00000	0.00000	0.00000	0.00001	0.00000	0.00056
74	NoName	0.00000	0.99998	0.00000	0.00000	0.00000	0.00000	0.00000	0.00000	0.00000	0.00002
75	NoName	0.00000	0.99998	0.00000	0.00000	0.00000	0.00000	0.00000	0.00000	0.00000	0.00002
76	NoName	0.00000	0.99999	0.00000	0.00000	0.00000	0.00000	0.00000	0.00000	0.00000	0.00001
77	NoName	0.00000	0.99999	0.00000	0.00000	0.00000	0.00000	0.00000	0.00000	0.00000	0.00001
78	NoName	0.99998	0.00000	0.00000	0.00000	0.00000	0.00000	0.00000	0.00000	0.00002	0.00000
