044904	48657184	48659552	T0000960.2_QL01p048658
044904	17986887	18011431	T0001520.2_QL01p017999
044906	74071571	74076081	T0003680.2_QL03p074074
044908	55756290	55772854	T0004310.2_QL05p055765
044913	11890775	11898630	T0005890.2_QL10p011895
044905	82328599	82330828	T0007340.2_QL02p082330
044904	10430366	10431961	T0007900.2_QL01p010431
044906	44638055	44645789	T0008710.2_QL03p044642
044905	42451122	42453984	T0009910.2_QL02p042453
044914	39203336	39206522	T0010530.2_QL11p039205
044914	42172711	42176841	T0011280.2_QL11p042175
044914	42312722	42329730	T0011500.2_QL11p042321
044913	38427703	38443431	T0011800.2_QL10p038436
044908	21645898	21652667	T0013360.2_QL05p021649
044908	21573782	21590217	T0013410.2_QL05p021582
044906	25016472	25028840	T0015920.2_QL03p025023
044911	53155322	53158612	T0017140.2_QL08p053157
044915	12084471	12093776	T0018350.2_QL12p012089
044906	55305752	55308873	T0019910.2_QL03p055307
044907	17583389	17587475	T0021900.2_QL04p017585
044907	14576375	14581121	T0024170.2_QL04p014579
044909	27587661	27589657	T0027750.2_QL06p027589
044909	27663776	27669720	T0027800.2_QL06p027667
044913	64648137	64658616	T0032230.2_QL10p064653
044913	65811359	65818173	T0032260.2_QL10p065815
044913	65194636	65200827	T0032570.2_QL10p065198
044911	49564821	49570151	T0033390.2_QL08p049567
044911	48816671	48833635	T0033990.2_QL08p048825
044913	55965039	55967637	T0034290.2_QL10p055966
044910	16719765	16725556	T0035160.2_QL07p016723
044905	10550848	10560805	T0036680.2_QL02p010556
044912	52465947	52472593	T0037300.2_QL09p052469
044904	1098131	1099879	T0039690.2_QL01p001099
044906	18126662	18137812	T0041030.2_QL03p018132
044906	18284363	18293561	T0041110.2_QL03p018289
044907	2430779	2435652	T0043060.2_QL04p002433
044907	2487571	2492748	T0043270.2_QL04p002490
044911	43669191	43671690	T0043960.2_QL08p043670
044913	11421123	11425550	T0047230.2_QL10p011423
044906	111373	129305	T0054480.2_QL03p000120
044906	269765	287165	T0054570.2_QL03p000278
044906	66857700	66867772	T0057510.2_QL03p066863
044905	61911440	61914354	T0062760.2_QL02p061913
044905	64654851	64660332	T0064440.2_QL02p064658
044908	67505586	67512249	T0064940.2_QL05p067509
044908	40413067	40423408	T0069230.2_QL05p040418
044905	93257658	93264676	T0070890.2_QL02p093261
044905	93156018	93160011	T0070960.2_QL02p093158
044905	92768336	92775191	T0071190.2_QL02p092772
044911	37308196	37313118	T0074210.2_QL08p037311
044906	40979224	40985450	T0074920.2_QL03p040982
044911	54293096	54297040	T0077950.2_QL08p054295
044907	55163411	55172514	T0079140.2_QL04p055168
044915	11232151	11242645	T0080420.2_QL12p011237
044915	11356121	11364461	T0080480.2_QL12p011360
044914	6310204	6339110	T0080580.2_QL11p006325
044914	6310204	6339110	T0080590.2_QL11p006325
044915	18062437	18069648	T0081920.2_QL12p018066
044911	39785328	39787374	T0083070.2_QL08p039786
044904	38107629	38115032	T0083350.2_QL01p038111
022154709	26197	35495	T0087010.2_QL93p0049_0031
044907	21806706	21811339	T0087470.2_QL04p021809
044910	40844926	40849136	T0088470.2_QL07p040847
044908	24994631	25000305	T0089760.2_QL05p024997
044905	18895729	18908931	T0089890.2_QL02p018902
044910	39160090	39164445	T0090110.2_QL07p039162
044910	38145552	38160752	T0090820.2_QL07p038153
044910	38065756	38079174	T0090900.2_QL07p038072
044907	52175569	52182224	T0093000.2_QL04p052179
044913	4112615	4125675	T0093480.2_QL10p004119
044913	3809232	3813450	T0093680.2_QL10p003811
044909	35737628	35745528	T0096770.2_QL06p035742
044909	38376863	38385757	T0099290.2_QL06p038381
044905	84732036	84737024	T0102450.2_QL02p084735
044906	43530096	43541206	T0103080.2_QL03p043536
044914	17895253	17910251	T0104420.2_QL11p017903
044908	9042742	9083864	T0105010.2_QL05p009063
044915	19775142	19786149	T0106940.2_QL12p019781
044915	19933794	19934979	T0107060.2_QL12p019934
044915	19959754	19972548	T0107110.2_QL12p019966
044915	4136506	4144989	T0112320.2_QL12p004141
044915	4422192	4444780	T0112600.2_QL12p004433
044906	54499611	54508954	T0114110.2_QL03p054504
044910	17415077	17417863	T0120160.2_QL07p017416
044910	17830747	17836127	T0120290.2_QL07p017833
044905	73220908	73224822	T0121360.2_QL02p073223
044904	20566481	20573972	T0122500.2_QL01p020570
044905	64789015	64799180	T0123280.2_QL02p064794
044912	23437766	23448547	T0124060.2_QL09p023443
044904	34902803	34908027	T0124710.2_QL01p034905
044904	24417385	24424191	T0127020.2_QL01p024421
044909	31243929	31253930	T0130610.2_QL06p031249
044910	36425921	36453491	T0131220.2_QL07p036440
044910	36713491	36715741	T0131370.2_QL07p036715
044911	8070876	8084504	T0132040.2_QL08p008078
044907	73929149	73944413	T0134800.2_QL04p073937
044912	40136350	40138210	T0136420.2_QL09p040137
044915	6206183	6210418	T0137480.2_QL12p006208
044910	1532342	1544156	T0145250.2_QL07p001538
044907	47995253	47996569	T0147230.2_QL04p047996
044915	32543507	32553055	T0149130.2_QL12p032548
044913	5627546	5636904	T0151270.2_QL10p005632
044915	30889033	30900432	T0152220.2_QL12p030895
044912	13153961	13157003	T0152530.2_QL09p013155
044912	13399794	13407132	T0152730.2_QL09p013403
044912	13818376	13824580	T0153230.2_QL09p013821
044905	99481041	99490681	T0173110.2_QL02p099486
044906	46054500	46057867	T0174450.2_QL03p046056
044915	21877226	21881435	T0177540.2_QL12p021879
044905	28083175	28087878	T0178280.2_QL02p028086
044908	19188409	19191180	T0178450.2_QL05p019190
044906	6913208	6923002	T0178900.2_QL03p006918
044910	3994875	4000843	T0180310.2_QL07p003998
044909	14381566	14385044	T0181850.2_QL06p014383
044909	33552053	33554892	T0183180.2_QL06p033553
044912	33719705	33735708	T0186120.2_QL09p033728
044907	50762449	50765858	T0188100.2_QL04p050764
044907	69048675	69058583	T0188250.2_QL04p069054
044913	40875512	40885016	T0188950.2_QL10p040880
044913	42344677	42364119	T0189540.2_QL10p042354
044909	32392526	32409806	T0200530.2_QL06p032401
044909	32412626	32427790	T0200540.2_QL06p032420
044909	32456446	32459386	T0200550.2_QL06p032458
044909	32495756	32498155	T0200590.2_QL06p032497
044909	32906649	32914044	T0200840.2_QL06p032910
044911	61125680	61131356	T0201490.2_QL08p061129
044911	1525297	1536834	T0201810.2_QL08p001531
044906	68104832	68107039	T0202290.2_QL03p068106
044905	12948981	12951059	T0204240.2_QL02p012950
044905	12965855	12968099	T0204250.2_QL02p012967
044905	14286782	14296340	T0205230.2_QL02p014292
044914	53446793	53448803	T0206040.2_QL11p053448
044914	53292043	53296741	T0206170.2_QL11p053294
044906	2731509	2740982	T0208700.2_QL03p002736
044906	2808809	2814925	T0208740.2_QL03p002812
044909	18498429	18513893	T0210740.2_QL06p018506
044913	25780528	25784359	T0211100.2_QL10p025782
044911	57671532	57675630	T0211560.2_QL08p057674
044908	84424181	84434950	T0213120.2_QL05p084430
044910	37425540	37430476	T0213790.2_QL07p037428
044910	37432897	37436325	T0213800.2_QL07p037435
044915	36109504	36118111	T0214960.2_QL12p036114
044915	27316529	27324443	T0215910.2_QL12p027320
044913	40165596	40177189	T0221170.2_QL10p040171
044914	952880	960879	T0225390.2_QL11p000957
044914	991200	994547	T0225400.2_QL11p000993
044910	5849892	5859469	T0225690.2_QL07p005855
044905	26054921	26064375	T0228250.2_QL02p026060
044905	26122751	26126661	T0228290.2_QL02p026125
044906	29094765	29099094	T0229880.2_QL03p029097
044905	67872771	67879190	T0231260.2_QL02p067876
044905	68112441	68113923	T0231390.2_QL02p068113
044905	34775416	34780295	T0232730.2_QL02p034778
044904	39608957	39615738	T0237000.2_QL01p039612
044909	53725073	53735331	T0238920.2_QL06p053730
044909	53008561	53012975	T0239060.2_QL06p053011
044910	30731570	30738405	T0240820.2_QL07p030735
044910	31539806	31544781	T0240910.2_QL07p031542
044904	25855799	25863570	T0244150.2_QL01p025860
044904	25891539	25896823	T0244160.2_QL01p025894
044904	26238589	26251671	T0244370.2_QL01p026245
044905	89692194	89705425	T0245370.2_QL02p089699
044914	56464206	56473914	T0251500.2_QL11p056469
044904	15921919	15931425	T0252040.2_QL01p015927
044915	25905530	25906885	T0252880.2_QL12p025906
044910	36797965	36810397	T0259550.2_QL07p036804
044912	32553678	32563521	T0262820.2_QL09p032559
044915	29445845	29454294	T0264720.2_QL12p029450
044910	25049922	25055549	T0265180.2_QL07p025053
044910	45241226	45255338	T0265960.2_QL07p045248
044904	7495054	7514018	T0268730.2_QL01p007505
044905	75938407	75944615	T0270980.2_QL02p075942
044913	26756912	26763102	T0272270.2_QL10p026760
044914	48578055	48580111	T0274880.2_QL11p048579
044909	6978453	6984021	T0275540.2_QL06p006981
044912	31575894	31585623	T0276670.2_QL09p031581
044914	10290410	10300745	T0276790.2_QL11p010296
044914	27598219	27616131	T0277850.2_QL11p027607
044909	3204453	3216919	T0279420.2_QL06p003211
044909	3009365	3011143	T0279510.2_QL06p003010
044909	2917686	2926683	T0279560.2_QL06p002922
044904	9745937	9751656	T0279720.2_QL01p009749
044904	24908025	24924106	T0280040.2_QL01p024916
044913	40421626	40430092	T0283010.2_QL10p040426
044909	51908467	51911955	T0283240.2_QL06p051910
044915	23665223	23669096	T0290740.2_QL12p023667
044915	23611812	23620416	T0290750.2_QL12p023612
044914	46615608	46619840	T0291930.2_QL11p046618
044905	36069943	36076185	T0295690.2_QL02p036073
044909	35299155	35304574	T0296180.2_QL06p035302
044905	19649826	19658679	T0297560.2_QL02p019654
044905	19667086	19701557	T0297570.2_QL02p019684
044907	67024410	67027044	T0301020.2_QL04p067026
044907	67034120	67044725	T0301030.2_QL04p067039
044905	16445738	16465937	T0304420.2_QL02p016456
044905	16538308	16545446	T0304470.2_QL02p016542
044905	16692159	16700037	T0304590.2_QL02p016696
044905	17059706	17073525	T0304850.2_QL02p017067
044905	17089196	17098631	T0304870.2_QL02p017094
044908	84373181	84386321	T0310620.2_QL05p084380
044908	72726780	72732185	T0311930.2_QL05p072729
044910	26729273	26736725	T0313190.2_QL07p026733
044910	26391316	26399029	T0313440.2_QL07p026395
044911	4610572	4612996	T0313490.2_QL08p004612
044908	63923385	63926929	T0316630.2_QL05p063925
044911	44835338	44842634	T0317700.2_QL08p044839
044906	38762659	38768358	T0320640.2_QL03p038766
044908	9197955	9201545	T0321300.2_QL05p009200
044904	26807240	26819123	T0322880.2_QL01p026813
044905	61717023	61719939	T0324380.2_QL02p061718
044905	1437871	1447053	T0326720.2_QL02p001442
044915	37910386	37919867	T0328120.2_QL12p037915
044915	22502870	22506497	T0328410.2_QL12p022505
044915	22618731	22624149	T0328480.2_QL12p022621
044908	60333383	60343068	T0330250.2_QL05p060338
044909	34654663	34658073	T0331600.2_QL06p034656
044910	23164314	23171282	T0332850.2_QL07p023168
044910	22807704	22816363	T0332950.2_QL07p022812
044904	23609974	23617528	T0332960.2_QL01p023614
044912	43961620	43978960	T0334920.2_QL09p043970
044904	39164471	39170725	T0336130.2_QL01p039168
044905	5453286	5457729	T0337810.2_QL02p005456
044905	99905362	99907635	T0340080.2_QL02p099906
044908	39393902	39406337	T0340770.2_QL05p039400
044908	39253805	39261313	T0340860.2_QL05p039258
044915	32787492	32794286	T0345400.2_QL12p032791
044915	32837327	32843230	T0345420.2_QL12p032840
044909	50572544	50579048	T0346100.2_QL06p050576
044907	50256128	50263306	T0349670.2_QL04p050260
044907	61541850	61553481	T0351630.2_QL04p061548
044908	20638738	20649849	T0357150.2_QL05p020644
044907	35505555	35521917	T0357720.2_QL04p035514
044913	25465759	25479397	T0361130.2_QL10p025473
044913	25516880	25527147	T0361150.2_QL10p025522
044904	7985389	7992283	T0362810.2_QL01p007989
044907	68411246	68414594	T0367110.2_QL04p068413
044905	78590963	78598106	T0372250.2_QL02p078595
044905	29596207	29600893	T0374810.2_QL02p029599
044909	21790282	21793491	T0379640.2_QL06p021792
044907	59209880	59213654	T0380890.2_QL04p059212
044907	64778312	64780880	T0382640.2_QL04p064780
044910	34140777	34145105	T0383070.2_QL07p034143
044905	51532330	51545264	T0388510.2_QL02p051539
044910	33512215	33526330	T0391590.2_QL07p033519
044904	2780706	2790314	T0391930.2_QL01p002786
044912	24689864	24702770	T0392860.2_QL09p024696
044912	17534608	17536543	T0396680.2_QL09p017536
044907	54279418	54295077	T0399150.2_QL04p054287
044908	29830233	29833690	T0400850.2_QL05p029832
044915	1078362	1083830	T0403390.2_QL12p001081
044913	21376185	21378705	T0403640.2_QL10p021377
044910	21977116	21981280	T0406260.2_QL07p021979
044911	13245680	13247382	T0408620.2_QL08p013247
044908	40202671	40212715	T0410140.2_QL05p040208
044910	18783258	18795592	T0411840.2_QL07p018789
044915	33915103	33921785	T0413110.2_QL12p033918
044915	34382891	34385629	T0413250.2_QL12p034384
044909	49223976	49249798	T0418340.2_QL06p049237
044909	49164187	49166038	T0418360.2_QL06p049165
044905	23781553	23788738	T0422720.2_QL02p023785
044915	23113713	23125185	T0424710.2_QL12p023119
022155009	12186	16161	T0425450.2_QL93p0138_0014
044910	158727	161455	T0426040.2_QL07p000160
044909	2626089	2638528	T0429960.2_QL06p002632
044909	2675195	2680168	T0429990.2_QL06p002678
044914	34827160	34835080	T0430540.2_QL11p034831
044904	55577865	55580157	T0432820.2_QL01p055579
044905	7893036	7900180	T0433000.2_QL02p007897
044911	59458687	59465133	T0434080.2_QL08p059462
044909	10758388	10761882	T0434780.2_QL06p010760
044912	5743002	5753261	T0435820.2_QL09p005748
044911	63636877	63639890	T0436210.2_QL08p063638
044911	63639997	63644149	T0436220.2_QL08p063642
044905	62501106	62511484	T0437060.2_QL02p062506
044911	45837841	45843746	T0437630.2_QL08p045841
044905	21870758	21877963	T0437930.2_QL02p021874
044915	27790968	27792653	T0439920.2_QL12p027792
044915	27867795	27876973	T0439950.2_QL12p027872
044915	27944054	27952757	T0440000.2_QL12p027948
044910	640931	661973	T0440150.2_QL07p000651
044913	44280910	44316270	T0448380.2_QL10p044299
044905	14414861	14422673	T0448480.2_QL02p014419
044911	56682183	56690515	T0454970.2_QL08p056686
044911	65110797	65115030	T0457120.2_QL08p065113
044913	184606	193155	T0458950.2_QL10p000189
044905	94402277	94410843	T0464270.2_QL02p094407
044912	19055254	19061971	T0464560.2_QL09p019059
044909	44255372	44261411	T0465430.2_QL06p044258
044904	45239364	45250235	T0468410.2_QL01p045245
044911	20488726	20499234	T0468470.2_QL08p020494
044905	369794	372305	T0472090.2_QL02p000371
044914	57592139	57601613	T0472290.2_QL11p057597
044914	57130882	57137612	T0472310.2_QL11p057134
044912	17988233	17993940	T0478260.2_QL09p017991
044907	73101603	73113231	T0479090.2_QL04p073107
044906	48965271	48969600	T0483750.2_QL03p048967
044906	26976221	26987882	T0484720.2_QL03p026982
044908	87374670	87378157	T0484830.2_QL05p087376
044908	50059499	50065547	T0485820.2_QL05p050063
044915	42573049	42582937	T0489190.2_QL12p042578
044906	21380901	21388037	T0493470.2_QL03p021384
044909	33214913	33222446	T0495310.2_QL06p033219
044911	41839618	41842499	T0495840.2_QL08p041841
044913	16555492	16557425	T0496770.2_QL10p016556
044911	52646526	52650984	T0497670.2_QL08p052649
044911	52522928	52531354	T0497780.2_QL08p052527
044911	52506713	52516064	T0497790.2_QL08p052511
044906	9319914	9325544	T0499140.2_QL03p009323
044906	41901853	41906408	T0500260.2_QL03p041904
044915	16155653	16158706	T0502480.2_QL12p016157
044913	23778347	23780851	T0503420.2_QL10p023780
044905	57719136	57722078	T0505320.2_QL02p057721
044910	308226	313557	T0507370.2_QL07p000311
044913	4539626	4549049	T0509210.2_QL10p004544
044910	32728149	32738664	T0511130.2_QL07p032733
044905	91611130	91615598	T0516300.2_QL02p091613
044905	97703690	97713304	T0516340.2_QL02p097708
044905	62837110	62839835	T0517740.2_QL02p062838
044905	62859940	62864901	T0517770.2_QL02p062862
044908	58339000	58343775	T0517960.2_QL05p058341
044904	35167542	35176587	T0519140.2_QL01p035172
044906	70306144	70311059	T0519170.2_QL03p070309
044910	48676324	48680710	T0520580.2_QL07p048679
044908	27041750	27043123	T0523460.2_QL05p027042
044908	26976354	26981343	T0523490.2_QL05p026979
044908	26956022	26959453	T0523500.2_QL05p026958
044909	33943372	33951485	T0533440.2_QL06p033947
044909	33983512	33993876	T0533480.2_QL06p033989
044904	21963056	21975510	T0535970.2_QL01p021969
044908	548740	553351	T0541070.2_QL05p000551
044915	14155438	14166422	T0541480.2_QL12p014161
044915	41227886	41232808	T0542140.2_QL12p041230
044913	19926125	19935390	T0543290.2_QL10p019931
044913	19926125	19935390	T0543300.2_QL10p019931
044905	63898900	63925830	T0546070.2_QL02p063912
044909	9627387	9636601	T0551210.2_QL06p009632
044915	28560809	28563943	T0558960.2_QL12p028562
044915	28384708	28398126	T0559150.2_QL12p028391
044904	30422732	30427656	T0559860.2_QL01p030425
044913	23270597	23272341	T0563310.2_QL10p023271
044915	31308317	31317719	T0564850.2_QL12p031313
044915	7990662	7995099	T0567500.2_QL12p007993
044915	7696429	7714001	T0567690.2_QL12p007705
044909	5489524	5497425	T0568790.2_QL06p005493
044904	12338844	12348001	T0571140.2_QL01p012343
044911	56300221	56311576	T0572060.2_QL08p056306
044907	5175039	5177790	T0573790.2_QL04p005176
044914	19398534	19400537	T0576320.2_QL11p019400
044906	53666528	53679232	T0577100.2_QL03p053673
044909	44314832	44317243	T0580420.2_QL06p044316
044904	16941375	16956115	T0580480.2_QL01p016949
044905	21261216	21267209	T0583840.2_QL02p021264
044905	21396520	21407196	T0583940.2_QL02p021402
044915	6380710	6385278	T0584630.2_QL12p006383
044913	50522119	50529801	T0586450.2_QL10p050526
044905	27367298	27375184	T0589130.2_QL02p027371
044912	12951402	12953133	T0594400.2_QL09p012952
044907	95859186	95901787	T0598060.2_QL04p095880
044914	54805456	54811994	T0598420.2_QL11p054809
044906	35760682	35773346	T0600570.2_QL03p035767
044904	22259507	22267052	T0602160.2_QL01p022263
044911	25142730	25144578	T0603090.2_QL08p025144
044909	53165939	53175310	T0603840.2_QL06p053171
044904	27357468	27362844	T0608200.2_QL01p027360
044905	72982574	73000703	T0609750.2_QL02p072992
044905	72762404	72767963	T0609910.2_QL02p072765
044905	72697823	72701733	T0609950.2_QL02p072700
044908	3926374	3927212	T0612010.2_QL05p003927
044908	3763759	3772162	T0612090.2_QL05p003768
044912	14614516	14619381	T0612590.2_QL09p014617
044912	14596282	14603667	T0612610.2_QL09p014600
044912	14358159	14360176	T0612790.2_QL09p014359
044913	6895996	6902116	T0614860.2_QL10p006899
044906	14213578	14233329	T0616170.2_QL03p014223
044908	27586905	27593341	T0618890.2_QL05p027590
044905	11132370	11141684	T0619560.2_QL02p011137
044905	8432885	8442514	T0624320.2_QL02p008438
044905	56189815	56194820	T0625210.2_QL02p056192
044912	37766290	37780963	T0627340.2_QL09p037774
044905	100162422	100170556	T0628690.2_QL02p100166
044905	16124719	16126030	T0630820.2_QL02p016125
044909	12000867	12006895	T0631360.2_QL06p012004
044909	52088646	52100627	T0632110.2_QL06p052095
044905	15997811	15999585	T0632410.2_QL02p015999
044915	41319731	41329982	T0633270.2_QL12p041325
044909	9012271	9020936	T0641260.2_QL06p009017
044908	8058256	8063443	T0641730.2_QL05p008061
044910	45888790	45891543	T0643650.2_QL07p045890
044908	39799748	39805301	T0647940.2_QL05p039803
044910	3732245	3740469	T0653050.2_QL07p003736
044910	11114749	11118127	T0653160.2_QL07p011116
044904	44337219	44338744	T0653790.2_QL01p044338
044911	32138740	32145506	T0656130.2_QL08p032142
044913	37594385	37602603	T0656180.2_QL10p037598
044904	15236827	15249937	T0656370.2_QL01p015243
044910	48570205	48582960	T0657130.2_QL07p048577
044911	27365455	27369130	T0657660.2_QL08p027367
044912	39584642	39596680	T0658550.2_QL09p039591
044906	54272526	54281336	T0659760.2_QL03p054277
044910	16395439	16407534	T0661920.2_QL07p016401
044909	25002921	25011269	T0662330.2_QL06p025007
044915	33227101	33258384	T0662790.2_QL12p033243
044914	50715933	50721021	T0663030.2_QL11p050718
044909	39050256	39053113	T0665420.2_QL06p039052
044909	21623719	21642654	T0666140.2_QL06p021633
044913	22550778	22560594	T0667570.2_QL10p022556
044911	36614483	36618899	T0668620.2_QL08p036617
044910	34915171	34931284	T0668830.2_QL07p034923
044911	11836878	11849926	T0674130.2_QL08p011843
044915	32414749	32424567	T0674370.2_QL12p032420
044912	9343586	9350287	T0674880.2_QL09p009347
044905	11973295	11984960	T0676330.2_QL02p011979
044905	11986113	11995544	T0676340.2_QL02p011991
044915	24910427	24919252	T0676890.2_QL12p024915
044911	44082278	44084400	T0679260.2_QL08p044083
044913	637717	643778	T0680320.2_QL10p000641
044909	11801907	11805054	T0681430.2_QL06p011803
044906	55897295	55907314	T0682710.2_QL03p055902
044908	73207797	73210641	T0683640.2_QL05p073209
044908	73082528	73097096	T0683750.2_QL05p073090
044915	40181550	40189794	T0685880.2_QL12p040186
044904	10065526	10070971	T0687160.2_QL01p010068
044914	29178344	29184987	T0689040.2_QL11p029182
044910	32597927	32600888	T0692890.2_QL07p032599
044904	2131611	2140285	T0697550.2_QL01p002136
044915	6173066	6177124	T0698870.2_QL12p006175
044911	57871615	57877147	T0705220.2_QL08p057874
044905	94103045	94106263	T0705310.2_QL02p094105
044914	51528878	51536881	T0706610.2_QL11p051533
044913	859426	864606	T0707350.2_QL10p000862
044914	788565	792913	T0707900.2_QL11p000791
044911	20846332	20852264	T0711800.2_QL08p020849
044909	10874012	10880467	T0713110.2_QL06p010877
044905	90314484	90319436	T0713850.2_QL02p090317
044905	90259800	90264606	T0713880.2_QL02p090262
044905	62249419	62255711	T0718850.2_QL02p062253
044906	13761830	13772182	T0722900.2_QL03p013767
044909	5968499	5971908	T0723290.2_QL06p005970
044905	15330424	15341358	T0726020.2_QL02p015336
044906	67495381	67498147	T0727750.2_QL03p067497
044906	67523045	67525038	T0727770.2_QL03p067524
044909	53541442	53548636	T0728120.2_QL06p053545
044904	5295704	5298238	T0729230.2_QL01p005297
044911	33110366	33120150	T0731620.2_QL08p033115
044910	14598218	14606096	T0732900.2_QL07p014602
044912	12340014	12348005	T0736420.2_QL09p012344
044905	96247251	96261749	T0737590.2_QL02p096254
044913	25238481	25240813	T0738330.2_QL10p025240
044911	41701785	41712167	T0742900.2_QL08p041707
044915	15828113	15832974	T0746150.2_QL12p015831
044908	59392247	59410195	T0748330.2_QL05p059401
044914	34238282	34242975	T0750560.2_QL11p034241
044914	23722893	23726788	T0757480.2_QL11p023725
044906	52459734	52464286	T0766030.2_QL03p052462
044905	74793483	74800677	T0766940.2_QL02p074797
044909	5870311	5876478	T0768180.2_QL06p005873
