UponCompletionOf_600000_sweeps
LocNumber LocName AlleleNumber AlleleName FreqInPop0 FreqInPop1 SDInPop0 SDinPop1
0	044904:2991436	0	2	0.935788	0.492650	0.011941	0.063075
0	044904:2991436	1	1	0.064212	0.507350	0.011941	0.063075
1	044904:7255859	0	2	0.993913	0.715127	0.003914	0.059315
1	044904:7255859	1	1	0.006087	0.284873	0.003914	0.059315
2	044904:7500630	0	1	0.346392	0.958426	0.023288	0.026016
2	044904:7500630	1	2	0.653608	0.041574	0.023288	0.026016
3	044904:15922247	0	2	0.937069	0.469500	0.011732	0.064546
3	044904:15922247	1	1	0.062931	0.530500	0.011732	0.064546
4	044904:15925557	0	2	0.991203	0.140568	0.005054	0.050050
4	044904:15925557	1	1	0.008797	0.859432	0.005054	0.050050
5	044904:15925769	0	2	0.757494	0.125112	0.020716	0.042182
5	044904:15925769	1	1	0.242506	0.874888	0.020716	0.042182
6	044904:15926596	0	2	0.762224	0.109752	0.021073	0.040224
6	044904:15926596	1	1	0.237776	0.890248	0.021073	0.040224
7	044904:15927773	0	2	0.998759	0.655560	0.001750	0.060150
7	044904:15927773	1	1	0.001241	0.344440	0.001750	0.060150
8	044904:17991859	0	2	0.998784	0.773660	0.001715	0.052130
8	044904:17991859	1	1	0.001216	0.226340	0.001715	0.052130
9	044904:19301631	0	2	0.998784	0.892433	0.001717	0.039700
9	044904:19301631	1	1	0.001216	0.107567	0.001717	0.039700
10	044904:20568863	0	2	0.998796	0.695229	0.001701	0.057582
10	044904:20568863	1	1	0.001204	0.304771	0.001701	0.057582
11	044904:21964628	0	2	0.998369	0.040139	0.002269	0.032384
11	044904:21964628	1	1	0.001631	0.959861	0.002269	0.032384
12	044904:22263201	0	2	0.998592	0.841120	0.001987	0.047121
12	044904:22263201	1	1	0.001408	0.158880	0.001987	0.047121
13	044904:23611169	0	1	0.380628	0.989779	0.025639	0.014213
13	044904:23611169	1	2	0.619372	0.010221	0.025639	0.014213
14	044904:23614092	0	2	0.782540	0.084370	0.021618	0.042920
14	044904:23614092	1	1	0.217460	0.915630	0.021618	0.042920
15	044904:24908148	0	2	0.997254	0.556561	0.002896	0.063136
15	044904:24908148	1	1	0.002746	0.443439	0.002896	0.063136
16	044904:24908331	0	2	0.993567	0.772444	0.004099	0.061702
16	044904:24908331	1	1	0.006433	0.227556	0.004099	0.061702
17	044904:24915802	0	2	0.993169	0.803901	0.004245	0.050777
17	044904:24915802	1	1	0.006831	0.196099	0.004245	0.050777
18	044904:24918937	0	2	0.998698	0.555392	0.001832	0.062201
18	044904:24918937	1	1	0.001302	0.444608	0.001832	0.062201
19	044904:25567957	0	2	0.753707	0.009207	0.020851	0.012829
19	044904:25567957	1	1	0.246293	0.990793	0.020851	0.012829
20	044904:25896105	0	2	0.683155	0.078344	0.022509	0.034898
20	044904:25896105	1	1	0.316845	0.921656	0.022509	0.034898
21	044904:26247704	0	1	0.413935	0.991671	0.025568	0.011619
21	044904:26247704	1	2	0.586065	0.008329	0.025568	0.011619
22	044904:26251562	0	1	0.555099	0.009389	0.024092	0.013059
22	044904:26251562	1	2	0.444901	0.990611	0.024092	0.013059
23	044904:30424507	0	2	0.706765	0.051208	0.022527	0.031259
23	044904:30424507	1	1	0.293235	0.948792	0.022527	0.031259
24	044904:30425899	0	2	0.913202	0.073441	0.014077	0.033070
24	044904:30425899	1	1	0.086798	0.926559	0.014077	0.033070
25	044904:30426012	0	2	0.997607	0.800727	0.002984	0.049790
25	044904:30426012	1	1	0.002393	0.199273	0.002984	0.049790
26	044904:30426190	0	2	0.706238	0.076521	0.022946	0.034649
26	044904:30426190	1	1	0.293762	0.923479	0.022946	0.034649
27	044904:34921423	0	2	0.757028	0.498719	0.021477	0.083599
27	044904:34921423	1	1	0.242972	0.501281	0.021477	0.083599
28	044904:34921511	0	2	0.818097	0.481946	0.019447	0.085844
28	044904:34921511	1	1	0.181903	0.518054	0.019447	0.085844
29	044904:39613495	0	2	0.837707	0.366110	0.018738	0.061956
29	044904:39613495	1	1	0.162293	0.633890	0.018738	0.061956
30	044904:45249789	0	2	0.703092	0.083887	0.022038	0.037313
30	044904:45249789	1	1	0.296908	0.916113	0.022038	0.037313
31	044905:1441377	0	2	0.998810	0.821256	0.001677	0.047611
31	044905:1441377	1	1	0.001190	0.178744	0.001677	0.047611
32	044905:1446857	0	2	0.672622	0.078240	0.023742	0.034904
32	044905:1446857	1	1	0.327378	0.921760	0.023742	0.034904
33	044905:5454581	0	2	0.786976	0.084369	0.020830	0.037612
33	044905:5454581	1	1	0.213024	0.915631	0.020830	0.037612
34	044905:7607146	0	1	0.361961	0.991531	0.023400	0.011828
34	044905:7607146	1	2	0.638039	0.008469	0.023400	0.011828
35	044905:7607352	0	1	0.171044	0.607290	0.018623	0.063764
35	044905:7607352	1	2	0.828956	0.392710	0.018623	0.063764
36	044905:7691750	0	1	0.263856	0.864731	0.022430	0.048615
36	044905:7691750	1	2	0.736144	0.135269	0.022430	0.048615
37	044905:16458442	0	2	0.983874	0.008126	0.006551	0.011315
37	044905:16458442	1	1	0.016126	0.991874	0.006551	0.011315
38	044905:16462107	0	2	0.911086	0.300170	0.015253	0.056442
38	044905:16462107	1	1	0.088914	0.699830	0.015253	0.056442
39	044905:16697026	0	2	0.633206	0.008486	0.024141	0.011817
39	044905:16697026	1	1	0.366794	0.991514	0.024141	0.011817
40	044905:16697263	0	1	0.353706	0.989385	0.024855	0.014746
40	044905:16697263	1	2	0.646294	0.010615	0.024855	0.014746
41	044905:19674241	0	2	0.998603	0.793858	0.001941	0.050092
41	044905:19674241	1	1	0.001397	0.206142	0.001941	0.050092
42	044905:21262204	0	2	0.996463	0.727079	0.003211	0.068322
42	044905:21262204	1	1	0.003537	0.272921	0.003211	0.068322
43	044905:36205857	0	2	0.998705	0.731297	0.001828	0.060252
43	044905:36205857	1	1	0.001295	0.268703	0.001828	0.060252
44	044905:61717087	0	2	0.769770	0.058642	0.020370	0.030102
44	044905:61717087	1	1	0.230230	0.941358	0.020370	0.030102
45	044905:61717168	0	2	0.651931	0.028972	0.024576	0.023051
45	044905:61717168	1	1	0.348069	0.971028	0.024576	0.023051
46	044905:61912417	0	2	0.730824	0.008348	0.021907	0.011654
46	044905:61912417	1	1	0.269176	0.991652	0.021907	0.011654
47	044905:62860925	0	2	0.998833	0.742448	0.001646	0.054536
47	044905:62860925	1	1	0.001167	0.257552	0.001646	0.054536
48	044905:64790030	0	2	0.898230	0.467097	0.015177	0.063018
48	044905:64790030	1	1	0.101770	0.532903	0.015177	0.063018
49	044905:67873139	0	1	0.382413	0.932118	0.025002	0.034638
49	044905:67873139	1	2	0.617587	0.067882	0.025002	0.034638
50	044905:68113452	0	2	0.841997	0.197889	0.018303	0.056850
50	044905:68113452	1	1	0.158003	0.802111	0.018303	0.056850
51	044905:74667424	0	2	0.992759	0.722394	0.004336	0.056240
51	044905:74667424	1	1	0.007241	0.277606	0.004336	0.056240
52	044905:82330837	0	1	0.302345	0.911377	0.022142	0.051685
52	044905:82330837	1	2	0.697655	0.088623	0.022142	0.051685
53	044905:98632420	0	2	0.982966	0.689813	0.006531	0.058074
53	044905:98632420	1	1	0.017034	0.310187	0.006531	0.058074
54	044905:99484512	0	2	0.982505	0.650351	0.007117	0.079450
54	044905:99484512	1	1	0.017495	0.349649	0.007117	0.079450
55	044905:99489792	0	2	0.643097	0.026379	0.023409	0.020925
55	044905:99489792	1	1	0.356903	0.973621	0.023409	0.020925
56	044905:100168852	0	2	0.872172	0.236047	0.016742	0.053780
56	044905:100168852	1	1	0.127828	0.763953	0.016742	0.053780
57	044906:38765045	0	1	0.371694	0.959305	0.023420	0.025054
57	044906:38765045	1	2	0.628306	0.040695	0.023420	0.025054
58	044906:47939898	0	2	0.979271	0.679692	0.007646	0.069158
58	044906:47939898	1	1	0.020729	0.320308	0.007646	0.069158
59	044906:47940118	0	2	0.974843	0.682096	0.007703	0.058028
59	044906:47940118	1	1	0.025157	0.317904	0.007703	0.058028
60	044906:48966625	0	1	0.221761	0.963903	0.021017	0.028586
60	044906:48966625	1	2	0.778239	0.036097	0.021017	0.028586
61	044906:54280744	0	2	0.996454	0.676150	0.002966	0.058757
61	044906:54280744	1	1	0.003546	0.323850	0.002966	0.058757
62	044906:55898347	0	2	0.947942	0.556136	0.011037	0.063705
62	044906:55898347	1	1	0.052058	0.443864	0.011037	0.063705
63	044907:35547685	0	1	0.093740	0.509648	0.014543	0.063097
63	044907:35547685	1	2	0.906260	0.490352	0.014543	0.063097
64	044907:50762971	0	1	0.228438	0.856670	0.021449	0.047431
64	044907:50762971	1	2	0.771562	0.143330	0.021449	0.047431
65	044907:54282899	0	1	0.116012	0.991461	0.015534	0.011893
65	044907:54282899	1	2	0.883988	0.008539	0.015534	0.011893
66	044907:55171134	0	2	0.934738	0.470142	0.012127	0.062734
66	044907:55171134	1	1	0.065262	0.529858	0.012127	0.062734
67	044907:64710502	0	2	0.993557	0.744923	0.004713	0.057416
67	044907:64710502	1	1	0.006443	0.255077	0.004713	0.057416
68	044907:67026790	0	2	0.959235	0.614180	0.009681	0.065953
68	044907:67026790	1	1	0.040765	0.385820	0.009681	0.065953
69	044907:69057818	0	1	0.327124	0.841797	0.023133	0.052288
69	044907:69057818	1	2	0.672876	0.158203	0.023133	0.052288
70	044907:79484838	0	2	0.987336	0.566206	0.005508	0.063627
70	044907:79484838	1	1	0.012664	0.433794	0.005508	0.063627
71	044908:21578070	0	2	0.691839	0.138673	0.023777	0.046244
71	044908:21578070	1	1	0.308161	0.861327	0.023777	0.046244
72	044908:21651870	0	2	0.717614	0.011074	0.022008	0.015349
72	044908:21651870	1	1	0.282386	0.988926	0.022008	0.015349
73	044908:21651981	0	2	0.718905	0.014552	0.023059	0.020052
73	044908:21651981	1	1	0.281095	0.985448	0.023059	0.020052
74	044908:26980113	0	1	0.222042	0.918283	0.020211	0.036530
74	044908:26980113	1	2	0.777958	0.081717	0.020211	0.036530
75	044908:27041766	0	1	0.326704	0.962264	0.023137	0.030540
75	044908:27041766	1	2	0.673296	0.037736	0.023137	0.030540
76	044908:27043151	0	1	0.223169	0.973164	0.020529	0.021486
76	044908:27043151	1	2	0.776831	0.026836	0.020529	0.021486
77	044908:27591391	0	1	0.349660	0.941803	0.023082	0.030229
77	044908:27591391	1	2	0.650340	0.058197	0.023082	0.030229
78	044908:29817564	0	2	0.976128	0.581870	0.008168	0.073480
78	044908:29817564	1	1	0.023872	0.418130	0.008168	0.073480
79	044908:32250061	0	2	0.997884	0.837806	0.002562	0.046899
79	044908:32250061	1	1	0.002116	0.162194	0.002562	0.046899
80	044908:40206767	0	2	0.647170	0.024404	0.023398	0.019514
80	044908:40206767	1	1	0.352830	0.975596	0.023398	0.019514
81	044908:40414742	0	1	0.363033	0.991399	0.024303	0.011968
81	044908:40414742	1	2	0.636967	0.008601	0.024303	0.011968
82	044908:40415730	0	2	0.733657	0.026318	0.021509	0.020993
82	044908:40415730	1	1	0.266343	0.973682	0.021509	0.020993
83	044908:60343015	0	1	0.378634	0.945752	0.025192	0.033162
83	044908:60343015	1	2	0.621366	0.054248	0.025192	0.033162
84	044908:65711194	0	1	0.015791	0.297349	0.006157	0.133167
84	044908:65711194	1	2	0.984209	0.702651	0.006157	0.133167
85	044908:66380414	0	2	0.994784	0.659622	0.003814	0.060699
85	044908:66380414	1	1	0.005216	0.340378	0.003814	0.060699
86	044908:72730779	0	2	0.975585	0.575274	0.007907	0.061358
86	044908:72730779	1	1	0.024415	0.424726	0.007907	0.061358
87	044909:2847744	0	2	0.957760	0.480955	0.009905	0.078263
87	044909:2847744	1	1	0.042240	0.519045	0.009905	0.078263
88	044909:5969828	0	2	0.710622	0.076209	0.022908	0.039477
88	044909:5969828	1	1	0.289378	0.923791	0.022908	0.039477
89	044909:9012793	0	2	0.997309	0.752986	0.002828	0.054000
89	044909:9012793	1	1	0.002691	0.247014	0.002828	0.054000
90	044909:9012869	0	2	0.816385	0.196028	0.020334	0.051482
90	044909:9012869	1	1	0.183615	0.803972	0.020334	0.051482
91	044909:9014914	0	2	0.899286	0.279335	0.014954	0.056307
91	044909:9014914	1	1	0.100714	0.720665	0.014954	0.056307
92	044909:10875085	0	2	0.995369	0.626712	0.003659	0.061366
92	044909:10875085	1	1	0.004631	0.373288	0.003659	0.061366
93	044909:10875609	0	1	0.272829	0.941113	0.021632	0.030348
93	044909:10875609	1	2	0.727171	0.058887	0.021632	0.030348
94	044909:14381123	0	1	0.291107	0.960084	0.022443	0.024745
94	044909:14381123	1	2	0.708893	0.039916	0.022443	0.024745
95	044909:21792616	0	2	0.673393	0.079951	0.022964	0.035688
95	044909:21792616	1	1	0.326607	0.920049	0.022964	0.035688
96	044909:27588695	0	2	0.713983	0.008015	0.022725	0.011233
96	044909:27588695	1	1	0.286017	0.991985	0.022725	0.011233
97	044909:27665958	0	1	0.284411	0.988085	0.022565	0.016556
97	044909:27665958	1	2	0.715589	0.011915	0.022565	0.016556
98	044909:32412739	0	2	0.714326	0.040011	0.022268	0.024561
98	044909:32412739	1	1	0.285674	0.959989	0.022268	0.024561
99	044909:32561409	0	2	0.695372	0.025327	0.022573	0.020341
99	044909:32561409	1	1	0.304628	0.974673	0.022573	0.020341
100	044909:33219607	0	2	0.996559	0.545471	0.002857	0.066781
100	044909:33219607	1	1	0.003441	0.454529	0.002857	0.066781
101	044909:33984040	0	2	0.711620	0.070670	0.022704	0.031971
101	044909:33984040	1	1	0.288380	0.929330	0.022704	0.031971
102	044909:49164907	0	1	0.208529	0.873070	0.019761	0.042811
102	044909:49164907	1	2	0.791471	0.126930	0.019761	0.042811
103	044909:52096316	0	2	0.586630	0.093462	0.024689	0.041296
103	044909:52096316	1	1	0.413370	0.906538	0.024689	0.041296
104	044909:53168744	0	2	0.998711	0.844928	0.001821	0.055590
104	044909:53168744	1	1	0.001289	0.155072	0.001821	0.055590
105	044910:16725407	0	1	0.413992	0.990190	0.024537	0.013672
105	044910:16725407	1	2	0.586008	0.009810	0.024537	0.013672
106	044910:17832303	0	1	0.248169	0.973134	0.021203	0.022310
106	044910:17832303	1	2	0.751831	0.026866	0.021203	0.022310
107	044910:19694805	0	2	0.961803	0.454726	0.009932	0.063915
107	044910:19694805	1	1	0.038197	0.545274	0.009932	0.063915
108	044910:26391694	0	1	0.212494	0.974260	0.020264	0.020894
108	044910:26391694	1	2	0.787506	0.025740	0.020264	0.020894
109	044910:26393977	0	2	0.889958	0.250207	0.016427	0.062445
109	044910:26393977	1	1	0.110042	0.749793	0.016427	0.062445
110	044910:32599753	0	2	0.998769	0.903233	0.001734	0.042980
110	044910:32599753	1	1	0.001231	0.096767	0.001734	0.042980
111	044910:32600604	0	2	0.770089	0.041346	0.020914	0.026184
111	044910:32600604	1	1	0.229911	0.958654	0.020914	0.026184
112	044910:33522718	0	1	0.204746	0.839087	0.020359	0.047464
112	044910:33522718	1	2	0.795254	0.160913	0.020359	0.047464
113	044910:34142182	0	2	0.891268	0.339776	0.015421	0.061102
113	044910:34142182	1	1	0.108732	0.660224	0.015421	0.061102
114	044910:34142233	0	2	0.893058	0.329136	0.015025	0.059878
114	044910:34142233	1	1	0.106942	0.670864	0.015025	0.059878
115	044910:36714704	0	2	0.769802	0.304713	0.021949	0.069440
115	044910:36714704	1	1	0.230198	0.695287	0.021949	0.069440
116	044910:36806643	0	2	0.988580	0.801644	0.005473	0.050185
116	044910:36806643	1	1	0.011420	0.198356	0.005473	0.050185
117	044910:36807016	0	2	0.988197	0.780637	0.005556	0.062961
117	044910:36807016	1	1	0.011803	0.219363	0.005556	0.062961
118	044910:46091142	0	2	0.998763	0.888542	0.001748	0.065450
118	044910:46091142	1	1	0.001237	0.111458	0.001748	0.065450
119	044910:46091205	0	2	0.998773	0.863741	0.001734	0.078974
119	044910:46091205	1	1	0.001227	0.136259	0.001734	0.078974
120	044910:48574541	0	2	0.800359	0.281042	0.021081	0.071316
120	044910:48574541	1	1	0.199641	0.718958	0.021081	0.071316
121	044910:48578719	0	2	0.970768	0.550346	0.008561	0.075963
121	044910:48578719	1	1	0.029232	0.449654	0.008561	0.075963
122	044910:48677129	0	2	0.989702	0.682739	0.005431	0.061725
122	044910:48677129	1	1	0.010298	0.317261	0.005431	0.061725
123	044911:1535424	0	2	0.946473	0.520418	0.012226	0.062486
123	044911:1535424	1	1	0.053527	0.479582	0.012226	0.062486
124	044911:32963009	0	2	0.617576	0.076349	0.025827	0.034600
124	044911:32963009	1	1	0.382424	0.923651	0.025827	0.034600
125	044911:33110570	0	2	0.998768	0.745054	0.001734	0.054101
125	044911:33110570	1	1	0.001232	0.254946	0.001734	0.054101
126	044911:33113254	0	2	0.996151	0.778880	0.003186	0.051614
126	044911:33113254	1	1	0.003849	0.221120	0.003186	0.051614
127	044911:33118192	0	2	0.996175	0.656599	0.003295	0.060199
127	044911:33118192	1	1	0.003825	0.343401	0.003295	0.060199
128	044911:41709219	0	2	0.766360	0.090777	0.022513	0.036578
128	044911:41709219	1	1	0.233640	0.909223	0.022513	0.036578
129	044911:44836769	0	1	0.104483	0.568278	0.015026	0.063182
129	044911:44836769	1	2	0.895517	0.431722	0.015026	0.063182
130	044911:45841294	0	2	0.617450	0.008369	0.023666	0.011678
130	044911:45841294	1	1	0.382550	0.991631	0.023666	0.011678
131	044911:45842241	0	2	0.998804	0.863977	0.001690	0.043211
131	044911:45842241	1	1	0.001196	0.136023	0.001690	0.043211
132	044911:49565515	0	2	0.845842	0.369065	0.017915	0.062327
132	044911:49565515	1	1	0.154158	0.630935	0.017915	0.062327
133	044911:49566946	0	1	0.347935	0.975823	0.023085	0.019508
133	044911:49566946	1	2	0.652065	0.024177	0.023085	0.019508
134	044911:52512026	0	1	0.358115	0.913308	0.023148	0.035115
134	044911:52512026	1	2	0.641885	0.086692	0.023148	0.035115
135	044911:52513330	0	2	0.719380	0.090957	0.021803	0.036896
135	044911:52513330	1	1	0.280620	0.909043	0.021803	0.036896
136	044911:52513426	0	1	0.281221	0.812378	0.022144	0.051794
136	044911:52513426	1	2	0.718779	0.187622	0.022144	0.051794
137	044911:52525945	0	2	0.998496	0.739064	0.002094	0.069385
137	044911:52525945	1	1	0.001504	0.260936	0.002094	0.069385
138	044911:52529647	0	2	0.802891	0.102307	0.019372	0.037958
138	044911:52529647	1	1	0.197109	0.897693	0.019372	0.037958
139	044911:52529719	0	2	0.991629	0.596679	0.004905	0.082686
139	044911:52529719	1	1	0.008371	0.403321	0.004905	0.082686
140	044911:53130008	0	2	0.993573	0.861329	0.004076	0.043878
140	044911:53130008	1	1	0.006427	0.138671	0.004076	0.043878
141	044911:56302497	0	2	0.912950	0.405837	0.014698	0.070443
141	044911:56302497	1	1	0.087050	0.594163	0.014698	0.070443
142	044911:56306600	0	1	0.120123	0.539929	0.016956	0.064535
142	044911:56306600	1	2	0.879877	0.460071	0.016956	0.064535
143	044911:56310560	0	2	0.982651	0.740752	0.006948	0.063072
143	044911:56310560	1	1	0.017349	0.259248	0.006948	0.063072
144	044911:56685620	0	2	0.998768	0.852345	0.001738	0.044056
144	044911:56685620	1	1	0.001232	0.147655	0.001738	0.044056
145	044912:13156028	0	1	0.284615	0.991143	0.022060	0.012327
145	044912:13156028	1	2	0.715385	0.008857	0.022060	0.012327
146	044912:14358694	0	2	0.756872	0.042741	0.020678	0.026717
146	044912:14358694	1	1	0.243128	0.957259	0.020678	0.026717
147	044912:17988090	0	2	0.888613	0.383199	0.015469	0.062164
147	044912:17988090	1	1	0.111387	0.616801	0.015469	0.062164
148	044912:23438264	0	1	0.191136	0.834736	0.019426	0.048315
148	044912:23438264	1	2	0.808864	0.165264	0.019426	0.048315
149	044912:32377713	0	2	0.988857	0.559448	0.005546	0.064080
149	044912:32377713	1	1	0.011143	0.440552	0.005546	0.064080
150	044912:33721048	0	2	0.998788	0.782935	0.001710	0.052226
150	044912:33721048	1	1	0.001212	0.217065	0.001710	0.052226
151	044912:33778080	0	2	0.989376	0.732393	0.005566	0.061080
151	044912:33778080	1	1	0.010624	0.267607	0.005566	0.061080
152	044912:39587515	0	2	0.966961	0.226482	0.009204	0.053479
152	044912:39587515	1	1	0.033039	0.773518	0.009204	0.053479
153	044912:39587639	0	2	0.968974	0.590515	0.008542	0.064099
153	044912:39587639	1	1	0.031026	0.409485	0.008542	0.064099
154	044913:4542824	0	2	0.988296	0.789952	0.005637	0.067720
154	044913:4542824	1	1	0.011704	0.210048	0.005637	0.067720
155	044913:5649341	0	1	0.200649	0.700141	0.020880	0.058093
155	044913:5649341	1	2	0.799351	0.299859	0.020880	0.058093
156	044913:6898333	0	2	0.976154	0.670150	0.007763	0.066682
156	044913:6898333	1	1	0.023846	0.329850	0.007763	0.066682
157	044913:16482453	0	2	0.998806	0.850094	0.001686	0.044711
157	044913:16482453	1	1	0.001194	0.149906	0.001686	0.044711
158	044913:16557020	0	1	0.322334	0.990390	0.023033	0.013389
158	044913:16557020	1	2	0.677666	0.009610	0.023033	0.013389
159	044913:23780024	0	1	0.341588	0.991480	0.023370	0.011884
159	044913:23780024	1	2	0.658412	0.008520	0.023370	0.011884
160	044913:25468214	0	2	0.996473	0.852066	0.002922	0.044015
160	044913:25468214	1	1	0.003527	0.147934	0.002922	0.044015
161	044913:25471141	0	2	0.985886	0.529866	0.005989	0.061865
161	044913:25471141	1	1	0.014114	0.470134	0.005989	0.061865
162	044913:25478346	0	2	0.857916	0.504005	0.017431	0.074453
162	044913:25478346	1	1	0.142084	0.495995	0.017431	0.074453
163	044913:38430596	0	2	0.640204	0.008590	0.023478	0.011974
163	044913:38430596	1	1	0.359796	0.991410	0.023478	0.011974
164	044913:38442262	0	2	0.864710	0.030870	0.017974	0.024587
164	044913:38442262	1	1	0.135290	0.969130	0.017974	0.024587
165	044913:40878527	0	2	0.957136	0.676498	0.010061	0.058701
165	044913:40878527	1	1	0.042864	0.323502	0.010061	0.058701
166	044914:5707994	0	1	0.140674	0.771962	0.016983	0.053522
166	044914:5707994	1	2	0.859326	0.228038	0.016983	0.053522
167	044914:5708146	0	1	0.350944	0.906531	0.024009	0.037609
167	044914:5708146	1	2	0.649056	0.093469	0.024009	0.037609
168	044914:25869784	0	1	0.082557	0.651994	0.014000	0.065418
168	044914:25869784	1	2	0.917443	0.348006	0.014000	0.065418
169	044914:26769257	0	1	0.261450	0.829381	0.021558	0.047600
169	044914:26769257	1	2	0.738550	0.170619	0.021558	0.047600
170	044914:29183785	0	2	0.998751	0.850961	0.001764	0.049957
170	044914:29183785	1	1	0.001249	0.149039	0.001764	0.049957
171	044914:34833729	0	1	0.252697	0.784981	0.021569	0.055805
171	044914:34833729	1	2	0.747303	0.215019	0.021569	0.055805
172	044914:42248289	0	2	0.993794	0.829703	0.003955	0.047672
172	044914:42248289	1	1	0.006206	0.170297	0.003955	0.047672
173	044914:48578852	0	2	0.686616	0.095831	0.023878	0.038547
173	044914:48578852	1	1	0.313384	0.904169	0.023878	0.038547
174	044914:50717760	0	2	0.971691	0.657039	0.008668	0.060558
174	044914:50717760	1	1	0.028309	0.342961	0.008668	0.060558
175	044915:2284380	0	2	0.983654	0.653506	0.007012	0.078421
175	044915:2284380	1	1	0.016346	0.346494	0.007012	0.078421
176	044915:2284518	0	2	0.862159	0.474866	0.017416	0.081350
176	044915:2284518	1	1	0.137841	0.525134	0.017416	0.081350
177	044915:4423807	0	2	0.995403	0.231158	0.003695	0.054464
177	044915:4423807	1	1	0.004597	0.768842	0.003695	0.054464
178	044915:4426146	0	2	0.746829	0.009678	0.023323	0.013464
178	044915:4426146	1	1	0.253171	0.990322	0.023323	0.013464
179	044915:4429670	0	2	0.691080	0.012964	0.024606	0.017963
179	044915:4429670	1	1	0.308920	0.987036	0.024606	0.017963
180	044915:7700865	0	1	0.309956	0.858787	0.022542	0.047208
180	044915:7700865	1	2	0.690044	0.141213	0.022542	0.047208
181	044915:7704161	0	1	0.305407	0.840539	0.022279	0.046839
181	044915:7704161	1	2	0.694593	0.159461	0.022279	0.046839
182	044915:11359762	0	2	0.933431	0.456017	0.012282	0.062286
182	044915:11359762	1	1	0.066569	0.543983	0.012282	0.062286
183	044915:12090771	0	1	0.324358	0.954277	0.022969	0.028248
183	044915:12090771	1	2	0.675642	0.045723	0.022969	0.028248
184	044915:19780177	0	2	0.738347	0.024537	0.021214	0.020167
184	044915:19780177	1	1	0.261653	0.975463	0.021214	0.020167
185	044915:19965250	0	1	0.285365	0.975939	0.022551	0.019745
185	044915:19965250	1	2	0.714635	0.024061	0.022551	0.019745
186	044915:19966710	0	1	0.307150	0.975899	0.022793	0.019814
186	044915:19966710	1	2	0.692850	0.024101	0.022793	0.019814
187	044915:23117028	0	2	0.730443	0.170711	0.021662	0.050146
187	044915:23117028	1	1	0.269557	0.829289	0.021662	0.050146
188	044915:23117901	0	2	0.727385	0.166519	0.021901	0.051761
188	044915:23117901	1	1	0.272615	0.833481	0.021901	0.051761
189	044915:23605999	0	2	0.809870	0.384750	0.019733	0.062134
189	044915:23605999	1	1	0.190130	0.615250	0.019733	0.062134
190	044915:30898347	0	1	0.130842	0.668227	0.016403	0.060218
190	044915:30898347	1	2	0.869158	0.331773	0.016403	0.060218
191	044915:32421537	0	2	0.842347	0.422962	0.017722	0.062330
191	044915:32421537	1	1	0.157653	0.577038	0.017722	0.062330
192	044915:33227150	0	2	0.815257	0.102359	0.019176	0.040921
192	044915:33227150	1	1	0.184743	0.897641	0.019176	0.040921
193	044915:33229035	0	1	0.236549	0.782416	0.020738	0.053668
193	044915:33229035	1	2	0.763451	0.217584	0.020738	0.053668
194	044915:33229099	0	1	0.216335	0.747980	0.020690	0.058298
194	044915:33229099	1	2	0.783665	0.252020	0.020690	0.058298
195	044915:37911750	0	2	0.992026	0.739639	0.004392	0.055083
195	044915:37911750	1	1	0.007974	0.260361	0.004392	0.055083
196	044915:40182248	0	2	0.697618	0.062580	0.024148	0.032307
196	044915:40182248	1	1	0.302382	0.937420	0.024148	0.032307
197	044915:40183877	0	2	0.995645	0.448563	0.003386	0.062969
197	044915:40183877	1	1	0.004355	0.551437	0.003386	0.062969
198	022155009:14785	0	1	0.240500	0.822549	0.021971	0.061680
198	022155009:14785	1	2	0.759500	0.177451	0.021971	0.061680
199	022155009:14811	0	1	0.203587	0.781743	0.020772	0.068164
199	022155009:14811	1	2	0.796413	0.218257	0.020772	0.068164
