UponCompletionOf_600000_sweeps
LocNumber LocName AlleleNumber AlleleName FreqInPop0 FreqInPop1 SDInPop0 SDinPop1
0	044904:2132049	0	2	0.719506	0.971711	0.069305	0.022554
0	044904:2132049	1	1	0.280494	0.028289	0.069305	0.022554
1	044904:2135206	0	2	0.011660	0.990908	0.016209	0.012717
1	044904:2135206	1	1	0.988340	0.009092	0.016209	0.012717
2	044904:7508548	0	2	0.616260	0.989774	0.073331	0.014249
2	044904:7508548	1	1	0.383740	0.010226	0.073331	0.014249
3	044904:10430394	0	2	0.965401	0.681662	0.027727	0.062179
3	044904:10430394	1	1	0.034599	0.318338	0.027727	0.062179
4	044904:15904781	0	2	0.988406	0.726484	0.016104	0.060619
4	044904:15904781	1	1	0.011594	0.273516	0.016104	0.060619
5	044904:15927369	0	1	0.036556	0.827249	0.028901	0.050475
5	044904:15927369	1	2	0.963444	0.172751	0.028901	0.050475
6	044904:18007367	0	1	0.011632	0.294820	0.016115	0.072124
6	044904:18007367	1	2	0.988368	0.705180	0.016115	0.072124
7	044904:18007789	0	2	0.671382	0.990182	0.078371	0.013683
7	044904:18007789	1	1	0.328618	0.009818	0.078371	0.013683
8	044904:18008627	0	2	0.825469	0.971753	0.057254	0.022499
8	044904:18008627	1	1	0.174531	0.028247	0.057254	0.022499
9	044904:21964637	0	2	0.988351	0.716253	0.016224	0.073148
9	044904:21964637	1	1	0.011649	0.283747	0.016224	0.073148
10	044904:22264014	0	2	0.546531	0.971690	0.075061	0.022606
10	044904:22264014	1	1	0.453469	0.028310	0.075061	0.022606
11	044904:22266083	0	2	0.546565	0.990933	0.075034	0.012623
11	044904:22266083	1	1	0.453435	0.009067	0.075034	0.012623
12	044904:23611984	0	2	0.730705	0.989355	0.070109	0.014846
12	044904:23611984	1	1	0.269295	0.010645	0.070109	0.014846
13	044904:23615266	0	2	0.686035	0.990538	0.070008	0.013192
13	044904:23615266	1	1	0.313965	0.009462	0.070008	0.013192
14	044904:24762912	0	2	0.814198	0.990196	0.064937	0.013682
14	044904:24762912	1	1	0.185802	0.009804	0.064937	0.013682
15	044904:26248273	0	2	0.755830	0.990891	0.064762	0.012695
15	044904:26248273	1	1	0.244170	0.009109	0.064762	0.012695
16	044904:26817294	0	1	0.011660	0.320451	0.016225	0.073745
16	044904:26817294	1	2	0.988340	0.679549	0.016225	0.073745
17	044904:30426910	0	2	0.988371	0.590931	0.016153	0.065640
17	044904:30426910	1	1	0.011629	0.409069	0.016153	0.065640
18	044904:38933278	0	2	0.639583	0.970616	0.072364	0.023447
18	044904:38933278	1	1	0.360417	0.029384	0.072364	0.023447
19	044904:38933291	0	2	0.988372	0.598218	0.016132	0.068106
19	044904:38933291	1	1	0.011628	0.401782	0.016132	0.068106
20	044905:370118	0	1	0.012213	0.499957	0.016954	0.066815
20	044905:370118	1	2	0.987787	0.500043	0.016954	0.066815
21	044905:1445979	0	2	0.709268	0.990934	0.068475	0.012638
21	044905:1445979	1	1	0.290732	0.009066	0.068475	0.012638
22	044905:1446702	0	2	0.616181	0.989787	0.073359	0.014270
22	044905:1446702	1	1	0.383819	0.010213	0.073359	0.014270
23	044905:5460242	0	2	0.337278	0.989805	0.071269	0.014208
23	044905:5460242	1	1	0.662722	0.010195	0.071269	0.014208
24	044905:10937553	0	1	0.012798	0.499907	0.017762	0.072180
24	044905:10937553	1	2	0.987202	0.500093	0.017762	0.072180
25	044905:11139717	0	1	0.011630	0.772754	0.016134	0.120990
25	044905:11139717	1	2	0.988370	0.227246	0.016134	0.120990
26	044905:11977750	0	1	0.011627	0.386931	0.016182	0.066297
26	044905:11977750	1	2	0.988373	0.613069	0.016182	0.066297
27	044905:14420541	0	1	0.011656	0.372846	0.016178	0.064623
27	044905:14420541	1	2	0.988344	0.627154	0.016178	0.064623
28	044905:15340460	0	2	0.499836	0.984842	0.079171	0.020987
28	044905:15340460	1	1	0.500164	0.015158	0.079171	0.020987
29	044905:16447009	0	2	0.383692	0.990549	0.073283	0.013200
29	044905:16447009	1	1	0.616308	0.009451	0.073283	0.013200
30	044905:16450388	0	2	0.593088	0.990559	0.074185	0.013168
30	044905:16450388	1	1	0.406912	0.009441	0.074185	0.013168
31	044905:16457369	0	2	0.011625	0.990894	0.016182	0.012687
31	044905:16457369	1	1	0.988375	0.009106	0.016182	0.012687
32	044905:16540047	0	1	0.011628	0.807593	0.016140	0.062302
32	044905:16540047	1	2	0.988372	0.192407	0.016140	0.062302
33	044905:17059896	0	1	0.011637	0.329860	0.016139	0.067835
33	044905:17059896	1	2	0.988363	0.670140	0.016139	0.067835
34	044905:18898871	0	2	0.988361	0.627291	0.016178	0.064649
34	044905:18898871	1	1	0.011639	0.372709	0.016178	0.064649
35	044905:19649993	0	1	0.011606	0.362716	0.016157	0.066606
35	044905:19649993	1	2	0.988394	0.637284	0.016157	0.066606
36	044905:19682810	0	1	0.318195	0.633292	0.079945	0.071038
36	044905:19682810	1	2	0.681805	0.366708	0.079945	0.071038
37	044905:21401032	0	1	0.011666	0.281752	0.016217	0.060148
37	044905:21401032	1	2	0.988334	0.718248	0.016217	0.060148
38	044905:26059026	0	2	0.987809	0.594334	0.016900	0.066837
38	044905:26059026	1	1	0.012191	0.405666	0.016900	0.066837
39	044905:26063320	0	2	0.499914	0.990570	0.117850	0.013189
39	044905:26063320	1	1	0.500086	0.009430	0.117850	0.013189
40	044905:51545051	0	2	0.573203	0.990905	0.076240	0.012688
40	044905:51545051	1	1	0.426797	0.009095	0.076240	0.012688
41	044905:57720966	0	1	0.013515	0.271485	0.018720	0.074078
41	044905:57720966	1	2	0.986485	0.728515	0.018720	0.074078
42	044905:57721178	0	2	0.621860	0.990572	0.074932	0.013135
42	044905:57721178	1	1	0.378140	0.009428	0.074932	0.013135
43	044905:57721894	0	2	0.569767	0.931317	0.074581	0.035085
43	044905:57721894	1	1	0.430233	0.068683	0.074581	0.035085
44	044905:61912868	0	2	0.988383	0.572701	0.016164	0.066121
44	044905:61912868	1	1	0.011617	0.427299	0.016164	0.066121
45	044905:63898893	0	2	0.709372	0.990580	0.068555	0.013136
45	044905:63898893	1	1	0.290628	0.009420	0.068555	0.013136
46	044905:63899464	0	1	0.081297	0.590903	0.041214	0.065751
46	044905:63899464	1	2	0.918703	0.409097	0.041214	0.065751
47	044905:63918001	0	2	0.546554	0.990883	0.075158	0.012711
47	044905:63918001	1	1	0.453446	0.009117	0.075158	0.012711
48	044905:64798649	0	1	0.011617	0.263616	0.016139	0.058852
48	044905:64798649	1	2	0.988383	0.736384	0.016139	0.058852
49	044905:67876304	0	2	0.987184	0.350983	0.017781	0.068874
49	044905:67876304	1	1	0.012816	0.649017	0.017781	0.068874
50	044905:68112375	0	2	0.744053	0.990559	0.067420	0.013140
50	044905:68112375	1	1	0.255947	0.009441	0.067420	0.013140
51	044905:68112663	0	1	0.011629	0.427214	0.016159	0.066012
51	044905:68112663	1	2	0.988371	0.572786	0.016159	0.066012
52	044905:68112714	0	2	0.965136	0.572784	0.027631	0.066071
52	044905:68112714	1	1	0.034864	0.427216	0.027631	0.066071
53	044905:72766743	0	2	0.732507	0.989782	0.066652	0.014221
53	044905:72766743	1	1	0.267493	0.010218	0.066652	0.014221
54	044905:74667681	0	1	0.011624	0.336748	0.016127	0.066914
54	044905:74667681	1	2	0.988376	0.663252	0.016127	0.066914
55	044905:74797508	0	1	0.012226	0.572774	0.016991	0.066100
55	044905:74797508	1	2	0.987774	0.427226	0.016991	0.066100
56	044905:89692419	0	2	0.034891	0.990569	0.027696	0.013165
56	044905:89692419	1	1	0.965109	0.009431	0.027696	0.013165
57	044905:89694175	0	2	0.662693	0.990897	0.071257	0.012680
57	044905:89694175	1	1	0.337307	0.009103	0.071257	0.012680
58	044905:90314683	0	2	0.320475	0.990178	0.073756	0.013673
58	044905:90314683	1	1	0.679525	0.009822	0.073756	0.013673
59	044905:90318225	0	1	0.011666	0.336195	0.016199	0.063141
59	044905:90318225	1	2	0.988334	0.663805	0.016199	0.063141
60	044905:93260104	0	2	0.686096	0.990562	0.070044	0.013161
60	044905:93260104	1	1	0.313904	0.009438	0.070044	0.013161
61	044905:94576919	0	2	0.548567	0.990538	0.076679	0.013201
61	044905:94576919	1	1	0.451433	0.009462	0.076679	0.013201
62	044906:13764346	0	1	0.040511	0.377963	0.032012	0.074831
62	044906:13764346	1	2	0.959489	0.622037	0.032012	0.074831
63	044906:14213656	0	2	0.709238	0.988400	0.068431	0.016117
63	044906:14213656	1	1	0.290762	0.011600	0.068431	0.016117
64	044906:18135395	0	1	0.012215	0.627302	0.017030	0.064693
64	044906:18135395	1	2	0.987785	0.372698	0.017030	0.064693
65	044906:18749539	0	2	0.963485	0.765371	0.028976	0.059998
65	044906:18749539	1	1	0.036515	0.234629	0.028976	0.059998
66	044906:40983930	0	2	0.564566	0.989358	0.087524	0.014850
66	044906:40983930	1	1	0.435434	0.010642	0.087524	0.014850
67	044906:43532103	0	2	0.593065	0.881929	0.074125	0.043039
67	044906:43532103	1	1	0.406935	0.118071	0.074125	0.043039
68	044906:54280641	0	1	0.013528	0.520363	0.018766	0.070670
68	044906:54280641	1	2	0.986472	0.479637	0.018766	0.070670
69	044906:64639085	0	2	0.984857	0.683514	0.020960	0.065740
69	044906:64639085	1	1	0.015143	0.316486	0.020960	0.065740
70	044906:67497958	0	1	0.034495	0.481264	0.027669	0.067959
70	044906:67497958	1	2	0.965505	0.518736	0.027669	0.067959
71	044907:17594227	0	2	0.670719	0.989365	0.072482	0.014830
71	044907:17594227	1	1	0.329281	0.010635	0.072482	0.014830
72	044907:47995195	0	2	0.802443	0.990550	0.060029	0.013148
72	044907:47995195	1	1	0.197557	0.009450	0.060029	0.013148
73	044907:47996633	0	1	0.182678	0.656747	0.059623	0.065908
73	044907:47996633	1	2	0.817322	0.343253	0.059623	0.065908
74	044907:50259048	0	2	0.987789	0.632053	0.016948	0.065618
74	044907:50259048	1	1	0.012211	0.367947	0.016948	0.065618
75	044907:50315184	0	1	0.012171	0.662788	0.016916	0.071246
75	044907:50315184	1	2	0.987829	0.337212	0.016916	0.071246
76	044907:64711963	0	1	0.011655	0.303957	0.016214	0.063796
76	044907:64711963	1	2	0.988345	0.696043	0.016214	0.063796
77	044907:67035985	0	2	0.988386	0.637403	0.016153	0.066678
77	044907:67035985	1	1	0.011614	0.362597	0.016153	0.066678
78	044907:67039237	0	1	0.011615	0.500039	0.016123	0.069281
78	044907:67039237	1	2	0.988385	0.499961	0.016123	0.069281
79	044907:69054009	0	2	0.646202	0.988370	0.073740	0.016164
79	044907:69054009	1	1	0.353798	0.011630	0.073740	0.016164
80	044907:81478850	0	2	0.557210	0.989352	0.082798	0.014830
80	044907:81478850	1	1	0.442790	0.010648	0.082798	0.014830
81	044907:81479249	0	2	0.081480	0.972690	0.041263	0.021772
81	044907:81479249	1	1	0.918520	0.027310	0.041263	0.021772
82	044907:82176796	0	2	0.679455	0.990890	0.073850	0.012705
82	044907:82176796	1	1	0.320545	0.009110	0.073850	0.012705
83	044907:82177170	0	1	0.012233	0.216979	0.016989	0.056055
83	044907:82177170	1	2	0.987767	0.783021	0.016989	0.056055
84	044907:92050353	0	2	0.205876	0.779073	0.095425	0.062434
84	044907:92050353	1	1	0.794124	0.220927	0.095425	0.062434
85	044908:21586348	0	1	0.012157	0.198027	0.016869	0.054200
85	044908:21586348	1	2	0.987843	0.801973	0.016869	0.054200
86	044908:24885262	0	2	0.499914	0.990605	0.111855	0.013114
86	044908:24885262	1	1	0.500086	0.009395	0.111855	0.013114
87	044908:27586925	0	2	0.639248	0.985705	0.072398	0.019833
87	044908:27586925	1	1	0.360752	0.014295	0.072398	0.019833
88	044908:27588225	0	2	0.639538	0.990889	0.072339	0.012709
88	044908:27588225	1	1	0.360462	0.009111	0.072339	0.012709
89	044908:29833332	0	2	0.679481	0.984876	0.073772	0.020935
89	044908:29833332	1	1	0.320519	0.015124	0.073772	0.020935
90	044908:39394535	0	2	0.988386	0.627464	0.016127	0.069800
90	044908:39394535	1	1	0.011614	0.372536	0.016127	0.069800
91	044908:40415659	0	2	0.453604	0.990908	0.074955	0.012691
91	044908:40415659	1	1	0.546396	0.009092	0.074955	0.012691
92	044908:40415873	0	2	0.662922	0.972724	0.071270	0.021775
92	044908:40415873	1	1	0.337078	0.027276	0.071270	0.021775
93	044908:48107371	0	1	0.057833	0.663234	0.035246	0.066865
93	044908:48107371	1	2	0.942167	0.336766	0.035246	0.066865
94	044908:55759441	0	1	0.987812	0.055562	0.016928	0.033769
94	044908:55759441	1	2	0.012188	0.944438	0.016928	0.033769
95	044908:58340179	0	2	0.573024	0.985716	0.076400	0.019808
95	044908:58340179	1	1	0.426976	0.014284	0.076400	0.019808
96	044908:58343698	0	2	0.695002	0.990549	0.070979	0.013209
96	044908:58343698	1	1	0.304998	0.009451	0.070979	0.013209
97	044908:59245738	0	2	0.899930	0.990890	0.058846	0.012708
97	044908:59245738	1	1	0.100070	0.009110	0.058846	0.012708
98	044908:67510439	0	1	0.817021	0.104565	0.059611	0.046213
98	044908:67510439	1	2	0.182979	0.895435	0.059611	0.046213
99	044908:72731193	0	1	0.011610	0.330089	0.016170	0.063891
99	044908:72731193	1	2	0.988390	0.669911	0.016170	0.063891
100	044908:73083060	0	2	0.036112	0.936382	0.028932	0.032571
100	044908:73083060	1	1	0.963888	0.063618	0.028932	0.032571
101	044908:73092131	0	2	0.057814	0.954584	0.035348	0.027825
101	044908:73092131	1	1	0.942186	0.045416	0.035348	0.027825
102	044908:73095608	0	2	0.081128	0.925644	0.041227	0.037819
102	044908:73095608	1	1	0.918872	0.074356	0.041227	0.037819
103	044908:84374004	0	2	0.313752	0.969389	0.070031	0.024416
103	044908:84374004	1	1	0.686248	0.030611	0.070031	0.024416
104	044908:84385433	0	2	0.592949	0.972743	0.074066	0.021735
104	044908:84385433	1	1	0.407051	0.027257	0.074066	0.021735
105	044908:84385483	0	2	0.662888	0.954597	0.071248	0.027752
105	044908:84385483	1	1	0.337112	0.045403	0.071248	0.027752
106	044909:2848824	0	1	0.202563	0.724572	0.065213	0.063155
106	044909:2848824	1	2	0.797437	0.275428	0.065213	0.063155
107	044909:2848994	0	2	0.364750	0.892127	0.078029	0.043009
107	044909:2848994	1	1	0.635250	0.107873	0.078029	0.043009
108	044909:2918709	0	2	0.040575	0.881765	0.032032	0.043146
108	044909:2918709	1	1	0.959425	0.118235	0.032032	0.043146
109	044909:2921138	0	2	0.987802	0.732709	0.016952	0.066636
109	044909:2921138	1	1	0.012198	0.267291	0.016952	0.066636
110	044909:5503840	0	2	0.757105	0.990913	0.071385	0.012667
110	044909:5503840	1	1	0.242895	0.009087	0.071385	0.012667
111	044909:7924630	0	2	0.987158	0.669759	0.017819	0.064069
111	044909:7924630	1	1	0.012842	0.330241	0.017819	0.064069
112	044909:10522587	0	2	0.985771	0.772689	0.019678	0.056053
112	044909:10522587	1	1	0.014229	0.227311	0.019678	0.056053
113	044909:11803782	0	2	0.012149	0.990573	0.016879	0.013158
113	044909:11803782	1	1	0.987851	0.009427	0.016879	0.013158
114	044909:31153407	0	2	0.987792	0.480959	0.016969	0.067956
114	044909:31153407	1	1	0.012208	0.519041	0.016969	0.067956
115	044909:31428880	0	2	0.282541	0.971694	0.091819	0.022563
115	044909:31428880	1	1	0.717459	0.028306	0.091819	0.022563
116	044909:32401887	0	2	0.548650	0.954577	0.076782	0.027832
116	044909:32401887	1	1	0.451350	0.045423	0.076782	0.027832
117	044909:32417264	0	1	0.012229	0.337200	0.016982	0.071148
117	044909:32417264	1	2	0.987771	0.662800	0.016982	0.071148
118	044909:32424030	0	1	0.011669	0.318218	0.016231	0.062197
118	044909:32424030	1	2	0.988331	0.681782	0.016231	0.062197
119	044909:32456249	0	2	0.231559	0.987188	0.065112	0.017745
119	044909:32456249	1	1	0.768441	0.012812	0.065112	0.017745
120	044909:32911754	0	1	0.011607	0.366388	0.016094	0.120336
120	044909:32911754	1	2	0.988393	0.633612	0.016094	0.120336
121	044909:35744285	0	2	0.694995	0.990572	0.070921	0.013145
121	044909:35744285	1	1	0.305005	0.009428	0.070921	0.013145
122	044909:35745203	0	2	0.653704	0.987179	0.075148	0.017777
122	044909:35745203	1	1	0.346296	0.012821	0.075148	0.017777
123	044909:50578755	0	2	0.988390	0.681779	0.016150	0.062196
123	044909:50578755	1	1	0.011610	0.318221	0.016150	0.062196
124	044909:52091986	0	2	0.300184	0.961495	0.076466	0.030373
124	044909:52091986	1	1	0.699816	0.038505	0.076466	0.030373
125	044909:53012731	0	1	0.012216	0.227354	0.016958	0.055950
125	044909:53012731	1	2	0.987784	0.772646	0.016958	0.055950
126	044909:53174609	0	2	0.639410	0.971719	0.072409	0.022558
126	044909:53174609	1	1	0.360590	0.028281	0.072409	0.022558
127	044910:11070528	0	2	0.670704	0.944493	0.072613	0.033790
127	044910:11070528	1	1	0.329296	0.055507	0.072613	0.033790
128	044910:31539993	0	1	0.011658	0.386881	0.016202	0.066166
128	044910:31539993	1	2	0.988342	0.613119	0.016202	0.066166
129	044910:31540583	0	2	0.614297	0.911790	0.081120	0.039317
129	044910:31540583	1	1	0.385703	0.088210	0.081120	0.039317
130	044910:31540829	0	2	0.523309	0.904118	0.075335	0.042509
130	044910:31540829	1	1	0.476691	0.095882	0.075335	0.042509
131	044910:31541594	0	2	0.573933	0.990562	0.093489	0.013172
131	044910:31541594	1	1	0.426067	0.009438	0.093489	0.013172
132	044910:33518719	0	2	0.012146	0.990926	0.016894	0.012654
132	044910:33518719	1	1	0.987854	0.009074	0.016894	0.012654
133	044910:36452667	0	1	0.012159	0.460947	0.016884	0.069200
133	044910:36452667	1	2	0.987841	0.539053	0.016884	0.069200
134	044910:36742569	0	2	0.988366	0.609163	0.016158	0.065214
134	044910:36742569	1	1	0.011634	0.390837	0.016158	0.065214
135	044910:38066523	0	2	0.585660	0.990230	0.082125	0.013587
135	044910:38066523	1	1	0.414340	0.009770	0.082125	0.013587
136	044910:38077476	0	2	0.602456	0.988374	0.077414	0.016195
136	044910:38077476	1	1	0.397544	0.011626	0.077414	0.016195
137	044910:38146511	0	2	0.988350	0.633336	0.016227	0.071055
137	044910:38146511	1	1	0.011650	0.366664	0.016227	0.071055
138	044910:46091140	0	2	0.743903	0.433364	0.067307	0.123862
138	044910:46091140	1	1	0.256097	0.566636	0.067307	0.123862
139	044911:1540844	0	2	0.602437	0.963475	0.077401	0.028887
139	044911:1540844	1	1	0.397563	0.036525	0.077401	0.028887
140	044911:1541077	0	2	0.597553	0.970626	0.075750	0.023423
140	044911:1541077	1	1	0.402447	0.029374	0.075750	0.023423
141	044911:4622737	0	2	0.700107	0.972741	0.076373	0.021721
141	044911:4622737	1	1	0.299893	0.027259	0.076373	0.021721
142	044911:8077588	0	2	0.592898	0.990536	0.074013	0.013220
142	044911:8077588	1	1	0.407102	0.009464	0.074013	0.013220
143	044911:32142124	0	2	0.407081	0.989778	0.074013	0.014246
143	044911:32142124	1	1	0.592919	0.010222	0.074013	0.014246
144	044911:41706549	0	2	0.622041	0.990575	0.074813	0.013130
144	044911:41706549	1	1	0.377959	0.009425	0.074813	0.013130
145	044911:41707501	0	2	0.576832	0.990592	0.077987	0.013153
145	044911:41707501	1	1	0.423168	0.009408	0.077987	0.013153
146	044911:52510545	0	1	0.061002	0.424362	0.036936	0.067337
146	044911:52510545	1	2	0.938998	0.575638	0.036936	0.067337
147	044911:52513387	0	2	0.290622	0.820819	0.068332	0.052197
147	044911:52513387	1	1	0.709378	0.179181	0.068332	0.052197
148	044911:52513571	0	1	0.011638	0.457423	0.016158	0.071906
148	044911:52513571	1	2	0.988362	0.542577	0.016158	0.071906
149	044911:56301329	0	2	0.313876	0.990188	0.069996	0.013663
149	044911:56301329	1	1	0.686124	0.009812	0.069996	0.013663
150	044911:56302267	0	2	0.988364	0.578517	0.016146	0.068478
150	044911:56302267	1	1	0.011636	0.421483	0.016146	0.068478
151	044911:56304035	0	2	0.314014	0.990937	0.069961	0.012634
151	044911:56304035	1	1	0.685986	0.009063	0.069961	0.012634
152	044911:56310494	0	2	0.755760	0.988926	0.064708	0.015398
152	044911:56310494	1	1	0.244240	0.011074	0.064708	0.015398
153	044912:5746184	0	2	0.523229	0.990905	0.075305	0.012693
153	044912:5746184	1	1	0.476771	0.009095	0.075305	0.012693
154	044912:9349319	0	2	0.081313	0.990545	0.041225	0.013167
154	044912:9349319	1	1	0.918687	0.009455	0.041225	0.013167
155	044912:12340521	0	1	0.120804	0.712885	0.059487	0.065309
155	044912:12340521	1	2	0.879196	0.287115	0.059487	0.065309
156	044912:14358550	0	1	0.036524	0.627351	0.028967	0.064538
156	044912:14358550	1	2	0.963476	0.372649	0.028967	0.064538
157	044912:19060740	0	2	0.256865	0.988407	0.070857	0.016125
157	044912:19060740	1	1	0.743135	0.011593	0.070857	0.016125
158	044912:23441027	0	2	0.524514	0.990565	0.077083	0.013176
158	044912:23441027	1	1	0.475486	0.009435	0.077083	0.013176
159	044912:33293976	0	2	0.722491	0.990907	0.141400	0.012691
159	044912:33293976	1	1	0.277509	0.009093	0.141400	0.012691
160	044912:37775623	0	1	0.174380	0.726442	0.057256	0.060674
160	044912:37775623	1	2	0.825620	0.273558	0.057256	0.060674
161	044912:51756523	0	2	0.963371	0.598011	0.029042	0.068058
161	044912:51756523	1	1	0.036629	0.401989	0.029042	0.068058
162	044913:638446	0	1	0.158625	0.481715	0.056373	0.066790
162	044913:638446	1	2	0.841375	0.518285	0.056373	0.066790
163	044913:4117256	0	1	0.012178	0.255639	0.016877	0.064319
163	044913:4117256	1	2	0.987822	0.744361	0.016877	0.064319
164	044913:11891801	0	1	0.134029	0.408933	0.052500	0.065638
164	044913:11891801	1	2	0.865971	0.591067	0.052500	0.065638
165	044913:23779928	0	2	0.616144	0.972748	0.073355	0.021727
165	044913:23779928	1	1	0.383856	0.027252	0.073355	0.021727
166	044913:25468654	0	2	0.732601	0.989376	0.066742	0.014775
166	044913:25468654	1	1	0.267399	0.010624	0.066742	0.014775
167	044913:38437209	0	2	0.679586	0.984856	0.073722	0.020905
167	044913:38437209	1	1	0.320414	0.015144	0.073722	0.020905
168	044913:40878486	0	2	0.642881	0.990179	0.102145	0.013635
168	044913:40878486	1	1	0.357119	0.009821	0.102145	0.013635
169	044913:40883650	0	1	0.011605	0.227303	0.016141	0.055969
169	044913:40883650	1	2	0.988395	0.772697	0.016141	0.055969
170	044913:49279316	0	1	0.020005	0.539239	0.027447	0.069027
170	044913:49279316	1	2	0.979995	0.460761	0.027447	0.069027
171	044913:50914929	0	2	0.709219	0.990574	0.068498	0.013141
171	044913:50914929	1	1	0.290781	0.009426	0.068498	0.013141
172	044913:50915078	0	2	0.709311	0.989838	0.068497	0.014169
172	044913:50915078	1	1	0.290689	0.010162	0.068497	0.014169
173	044913:65198478	0	2	0.569892	0.933977	0.074605	0.033774
173	044913:65198478	1	1	0.430108	0.066023	0.074605	0.033774
174	044914:790160	0	1	0.012812	0.480231	0.017773	0.069351
174	044914:790160	1	2	0.987188	0.519769	0.017773	0.069351
175	044914:5708011	0	2	0.863526	0.336369	0.058919	0.063064
175	044914:5708011	1	1	0.136474	0.663631	0.058919	0.063064
176	044914:25869683	0	2	0.965080	0.590873	0.027751	0.065590
176	044914:25869683	1	1	0.034920	0.409127	0.027751	0.065590
177	044914:26769617	0	2	0.391846	0.990169	0.079264	0.013711
177	044914:26769617	1	1	0.608154	0.009831	0.079264	0.013711
178	044914:34829931	0	2	0.011622	0.990883	0.016095	0.012722
178	044914:34829931	1	1	0.988378	0.009117	0.016095	0.012722
179	044914:54806329	0	1	0.099975	0.499986	0.049982	0.091369
179	044914:54806329	1	2	0.900025	0.500014	0.049982	0.091369
180	044915:1083547	0	2	0.453554	0.990903	0.075104	0.012678
180	044915:1083547	1	1	0.546446	0.009097	0.075104	0.012678
181	044915:2284424	0	2	0.987805	0.534394	0.016967	0.090946
181	044915:2284424	1	1	0.012195	0.465606	0.016967	0.090946
182	044915:4143738	0	2	0.646091	0.988865	0.073797	0.015456
182	044915:4143738	1	1	0.353909	0.011135	0.073797	0.015456
183	044915:4426571	0	1	0.011624	0.754542	0.016154	0.057483
183	044915:4426571	1	2	0.988376	0.245458	0.016154	0.057483
184	044915:6209048	0	2	0.585788	0.990929	0.082097	0.012664
184	044915:6209048	1	1	0.414212	0.009071	0.082097	0.012664
185	044915:7704599	0	2	0.622062	0.990587	0.074845	0.013131
185	044915:7704599	1	1	0.377938	0.009413	0.074845	0.013131
186	044915:7707034	0	2	0.621869	0.990570	0.074712	0.013171
186	044915:7707034	1	1	0.378131	0.009430	0.074712	0.013171
187	044915:7712939	0	1	0.061007	0.500147	0.036880	0.067999
187	044915:7712939	1	2	0.938993	0.499853	0.036880	0.067999
188	044915:7994815	0	2	0.963481	0.622062	0.028929	0.074823
188	044915:7994815	1	1	0.036519	0.377938	0.028929	0.074823
189	044915:27317076	0	2	0.639508	0.988891	0.072329	0.015469
189	044915:27317076	1	1	0.360492	0.011109	0.072329	0.015469
190	044915:27319450	0	2	0.646356	0.990576	0.073745	0.013131
190	044915:27319450	1	1	0.353644	0.009424	0.073745	0.013131
191	044915:27320140	0	2	0.988359	0.581607	0.016144	0.069723
191	044915:27320140	1	1	0.011641	0.418393	0.016144	0.069723
192	044915:27321282	0	2	0.621827	0.990909	0.074646	0.012670
192	044915:27321282	1	1	0.378173	0.009091	0.074646	0.012670
193	044915:28384683	0	2	0.017253	0.959522	0.023771	0.031950
193	044915:28384683	1	1	0.982747	0.040478	0.023771	0.031950
194	044915:29451644	0	1	0.012206	0.362844	0.016966	0.066722
194	044915:29451644	1	2	0.987794	0.637156	0.016966	0.066722
195	044915:32417985	0	2	0.988373	0.645432	0.016136	0.063970
195	044915:32417985	1	1	0.011627	0.354568	0.016136	0.063970
196	044915:32543983	0	2	0.802306	0.990880	0.060073	0.012695
196	044915:32543983	1	1	0.197694	0.009120	0.060073	0.012695
197	044915:32552340	0	1	0.012180	0.330292	0.016943	0.064056
197	044915:32552340	1	2	0.987820	0.669708	0.016943	0.064056
198	044915:40189307	0	2	0.792657	0.990199	0.062522	0.013667
198	044915:40189307	1	1	0.207343	0.009801	0.062522	0.013667
199	044915:42582495	0	2	0.988368	0.783109	0.016178	0.055953
199	044915:42582495	1	1	0.011632	0.216891	0.016178	0.055953
