UponCompletionOf_600000_sweeps
LocNumber LocName AlleleNumber AlleleName FreqInPop0 FreqInPop1 SDInPop0 SDinPop1
0	044904:2132012	0	2	0.995413	0.772696	0.006441	0.055932
0	044904:2132012	1	1	0.004587	0.227304	0.006441	0.055932
1	044904:2132108	0	2	0.914505	0.336290	0.026414	0.063102
1	044904:2132108	1	1	0.085495	0.663710	0.026414	0.063102
2	044904:7498556	0	1	0.004865	0.990573	0.006831	0.013174
2	044904:7498556	1	2	0.995135	0.009427	0.006831	0.013174
3	044904:10070955	0	2	0.994242	0.783062	0.008072	0.056101
3	044904:10070955	1	1	0.005758	0.216938	0.008072	0.056101
4	044904:10430394	0	2	0.986727	0.681846	0.010724	0.062351
4	044904:10430394	1	1	0.013273	0.318154	0.010724	0.062351
5	044904:15240661	0	2	0.404336	0.989800	0.045543	0.014231
5	044904:15240661	1	1	0.595664	0.010200	0.045543	0.014231
6	044904:15881826	0	1	0.014574	0.295945	0.011748	0.064529
6	044904:15881826	1	2	0.985426	0.704055	0.011748	0.064529
7	044904:23610527	0	2	0.553048	0.970619	0.046535	0.023416
7	044904:23610527	1	1	0.446952	0.029381	0.046535	0.023416
8	044904:24908363	0	2	0.994960	0.569838	0.007077	0.074587
8	044904:24908363	1	1	0.005040	0.430162	0.007077	0.074587
9	044904:25895572	0	2	0.442963	0.990880	0.048203	0.012709
9	044904:25895572	1	1	0.557037	0.009120	0.048203	0.012709
10	044904:30426561	0	1	0.004496	0.424666	0.006318	0.067302
10	044904:30426561	1	2	0.995504	0.575334	0.006318	0.067302
11	044904:34907281	0	1	0.283780	0.797819	0.042546	0.057979
11	044904:34907281	1	2	0.716220	0.202181	0.042546	0.057979
12	044904:34921351	0	2	0.980095	0.499955	0.016050	0.094656
12	044904:34921351	1	1	0.019905	0.500045	0.016050	0.094656
13	044904:35170219	0	2	0.526535	0.989785	0.046827	0.014239
13	044904:35170219	1	1	0.473465	0.010215	0.046827	0.014239
14	044904:38933658	0	2	0.325265	0.989805	0.045954	0.014183
14	044904:38933658	1	1	0.674735	0.010195	0.045954	0.014183
15	044904:39613554	0	2	0.358590	0.990577	0.047860	0.013128
15	044904:39613554	1	1	0.641410	0.009423	0.047860	0.013128
16	044904:40143420	0	2	0.531489	0.990208	0.050944	0.013634
16	044904:40143420	1	1	0.468511	0.009792	0.050944	0.013634
17	044904:40143617	0	2	0.545877	0.990538	0.047460	0.013187
17	044904:40143617	1	1	0.454123	0.009462	0.047460	0.013187
18	044904:40143991	0	2	0.528518	0.990901	0.048512	0.012647
18	044904:40143991	1	1	0.471482	0.009099	0.048512	0.012647
19	044905:1445836	0	1	0.080941	0.627137	0.026474	0.064590
19	044905:1445836	1	2	0.919059	0.372863	0.026474	0.064590
20	044905:10555277	0	2	0.508758	0.990551	0.046419	0.013179
20	044905:10555277	1	1	0.491242	0.009449	0.046419	0.013179
21	044905:10937491	0	2	0.628462	0.989788	0.046041	0.014210
21	044905:10937491	1	1	0.371538	0.010212	0.046041	0.014210
22	044905:10937870	0	2	0.331461	0.985657	0.049551	0.019841
22	044905:10937870	1	1	0.668539	0.014343	0.049551	0.019841
23	044905:11139717	0	1	0.039729	0.772822	0.018297	0.120953
23	044905:11139717	1	2	0.960271	0.227178	0.018297	0.120953
24	044905:11974266	0	2	0.500062	0.984854	0.047645	0.020902
24	044905:11974266	1	1	0.499938	0.015146	0.047645	0.020902
25	044905:16446242	0	2	0.426371	0.990914	0.050498	0.012646
25	044905:16446242	1	1	0.573629	0.009086	0.050498	0.012646
26	044905:16540809	0	2	0.994613	0.728534	0.007558	0.074000
26	044905:16540809	1	1	0.005387	0.271466	0.007558	0.074000
27	044905:16697006	0	1	0.004424	0.772789	0.006207	0.055929
27	044905:16697006	1	2	0.995576	0.227211	0.006207	0.055929
28	044905:19687323	0	2	0.995582	0.637322	0.006208	0.066583
28	044905:19687323	1	1	0.004418	0.362678	0.006208	0.066583
29	044905:21401044	0	2	0.995416	0.700043	0.006455	0.061133
29	044905:21401044	1	1	0.004584	0.299957	0.006455	0.061133
30	044905:21404861	0	2	0.994617	0.707746	0.007568	0.061849
30	044905:21404861	1	1	0.005383	0.292254	0.007568	0.061849
31	044905:27374675	0	2	0.464761	0.990559	0.053837	0.013171
31	044905:27374675	1	1	0.535239	0.009441	0.053837	0.013171
32	044905:36075519	0	1	0.004497	0.299901	0.006317	0.061239
32	044905:36075519	1	2	0.995503	0.700099	0.006317	0.061239
33	044905:36182454	0	2	0.538252	0.990572	0.048523	0.013156
33	044905:36182454	1	1	0.461748	0.009428	0.048523	0.013156
34	044905:42451265	0	2	0.995637	0.669808	0.006136	0.063977
34	044905:42451265	1	1	0.004363	0.330192	0.006136	0.063977
35	044905:51544803	0	1	0.004867	0.990568	0.006813	0.013165
35	044905:51544803	1	2	0.995133	0.009432	0.006813	0.013165
36	044905:68113848	0	1	0.445976	0.028231	0.046956	0.022522
36	044905:68113848	1	2	0.554024	0.971769	0.046956	0.022522
37	044905:68115711	0	2	0.532406	0.990537	0.051514	0.013198
37	044905:68115711	1	1	0.467594	0.009463	0.051514	0.013198
38	044905:72698987	0	1	0.004500	0.427020	0.006319	0.076400
38	044905:72698987	1	2	0.995500	0.572980	0.006319	0.076400
39	044905:75942741	0	2	0.995640	0.809004	0.006119	0.052548
39	044905:75942741	1	1	0.004360	0.190996	0.006119	0.052548
40	044905:82330813	0	2	0.472451	0.982803	0.047607	0.023750
40	044905:82330813	1	1	0.527549	0.017197	0.047607	0.023750
41	044905:84623263	0	2	0.995566	0.726449	0.006242	0.060730
41	044905:84623263	1	1	0.004434	0.273551	0.006242	0.060730
42	044905:94103158	0	2	0.373773	0.981496	0.047414	0.025450
42	044905:94103158	1	1	0.626227	0.018504	0.047414	0.025450
43	044906:9323557	0	2	0.517382	0.971659	0.046379	0.022581
43	044906:9323557	1	1	0.482618	0.028341	0.046379	0.022581
44	044906:14213662	0	2	0.603130	0.989382	0.049404	0.014771
44	044906:14213662	1	1	0.396870	0.010618	0.049404	0.014771
45	044906:14214529	0	2	0.995503	0.754864	0.006311	0.059703
45	044906:14214529	1	1	0.004497	0.245136	0.006311	0.059703
46	044906:14214741	0	2	0.315987	0.990926	0.049607	0.012680
46	044906:14214741	1	1	0.684013	0.009074	0.049607	0.012680
47	044906:14215536	0	2	0.450474	0.982754	0.049242	0.023795
47	044906:14215536	1	1	0.549526	0.017246	0.049242	0.023795
48	044906:14219670	0	2	0.382751	0.990907	0.045942	0.012675
48	044906:14219670	1	1	0.617249	0.009093	0.045942	0.012675
49	044906:14220780	0	2	0.371358	0.990576	0.047791	0.013136
49	044906:14220780	1	1	0.628642	0.009424	0.047791	0.013136
50	044906:18130896	0	2	0.526080	0.990554	0.046387	0.013138
50	044906:18130896	1	1	0.473920	0.009446	0.046387	0.013138
51	044906:18288970	0	2	0.573366	0.988871	0.047182	0.015469
51	044906:18288970	1	1	0.426634	0.011129	0.047182	0.015469
52	044906:18289082	0	2	0.412589	0.970613	0.048277	0.023470
52	044906:18289082	1	1	0.587411	0.029387	0.048277	0.023470
53	044906:18749539	0	2	0.985454	0.765234	0.011771	0.059990
53	044906:18749539	1	1	0.014546	0.234766	0.011771	0.059990
54	044906:21371025	0	2	0.977068	0.736486	0.014271	0.058832
54	044906:21371025	1	1	0.022932	0.263514	0.014271	0.058832
55	044906:25017367	0	2	0.380665	0.963397	0.046310	0.029013
55	044906:25017367	1	1	0.619335	0.036603	0.046310	0.029013
56	044906:40985258	0	2	0.462657	0.954623	0.047978	0.027795
56	044906:40985258	1	1	0.537343	0.045377	0.047978	0.027795
57	044906:44642245	0	2	0.597238	0.990547	0.045926	0.013162
57	044906:44642245	1	1	0.402762	0.009453	0.045926	0.013162
58	044906:46057609	0	2	0.499828	0.990535	0.049468	0.013186
58	044906:46057609	1	1	0.500172	0.009465	0.049468	0.013186
59	044906:47939904	0	2	0.995050	0.662338	0.006950	0.076717
59	044906:47939904	1	1	0.004950	0.337662	0.006950	0.076717
60	044906:54505673	0	2	0.986720	0.632168	0.010720	0.065610
60	044906:54505673	1	1	0.013280	0.367832	0.010720	0.065610
61	044906:55305692	0	2	0.554190	0.990203	0.047049	0.013698
61	044906:55305692	1	1	0.445810	0.009797	0.047049	0.013698
62	044907:50315184	0	2	0.966026	0.662859	0.017791	0.071311
62	044907:50315184	1	1	0.033974	0.337141	0.017791	0.071311
63	044907:59210318	0	2	0.553092	0.990886	0.046563	0.012723
63	044907:59210318	1	1	0.446908	0.009114	0.046563	0.012723
64	044907:59212496	0	2	0.462555	0.990569	0.048019	0.013169
64	044907:59212496	1	1	0.537445	0.009431	0.048019	0.013169
65	044907:64778497	0	1	0.004354	0.718043	0.006114	0.060065
65	044907:64778497	1	2	0.995646	0.281957	0.006114	0.060065
66	044907:67034112	0	1	0.070102	0.518832	0.024573	0.068061
66	044907:67034112	1	2	0.929898	0.481168	0.024573	0.068061
67	044907:68414364	0	2	0.994250	0.745326	0.008047	0.059292
67	044907:68414364	1	1	0.005750	0.254674	0.008047	0.059292
68	044907:69049226	0	2	0.366673	0.954535	0.046812	0.027822
68	044907:69049226	1	1	0.633327	0.045465	0.046812	0.027822
69	044907:69049579	0	1	0.317443	0.914625	0.043171	0.043033
69	044907:69049579	1	2	0.682557	0.085375	0.043171	0.043033
70	044907:81479363	0	2	0.563114	0.990579	0.046907	0.013144
70	044907:81479363	1	1	0.436886	0.009421	0.046907	0.013144
71	044908:20645885	0	2	0.359771	0.990178	0.046129	0.013661
71	044908:20645885	1	1	0.640229	0.009822	0.046129	0.013661
72	044908:20649020	0	2	0.341152	0.915093	0.045669	0.037966
72	044908:20649020	1	1	0.658848	0.084907	0.045669	0.037966
73	044908:20649118	0	2	0.334886	0.928541	0.044958	0.036527
73	044908:20649118	1	1	0.665114	0.071459	0.044958	0.036527
74	044908:20649134	0	1	0.005162	0.523376	0.007239	0.075304
74	044908:20649134	1	2	0.994838	0.476624	0.007239	0.075304
75	044908:21576966	0	2	0.517686	0.936346	0.046822	0.032652
75	044908:21576966	1	1	0.482314	0.063654	0.046822	0.032652
76	044908:21581006	0	2	0.967274	0.754642	0.017109	0.057502
76	044908:21581006	1	1	0.032726	0.245358	0.017109	0.057502
77	044908:26959430	0	1	0.421710	0.966745	0.045877	0.044830
77	044908:26959430	1	2	0.578290	0.033255	0.045877	0.044830
78	044908:26978785	0	2	0.995494	0.772664	0.006331	0.055970
78	044908:26978785	1	1	0.004506	0.227336	0.006331	0.055970
79	044908:27586835	0	1	0.012975	0.934008	0.010539	0.033809
79	044908:27586835	1	2	0.987025	0.065992	0.010539	0.033809
80	044908:39255209	0	2	0.641605	0.990561	0.044877	0.013177
80	044908:39255209	1	1	0.358395	0.009439	0.044877	0.013177
81	044908:40203719	0	2	0.994755	0.733978	0.007364	0.063785
81	044908:40203719	1	1	0.005245	0.266022	0.007364	0.063785
82	044908:40204195	0	2	0.995657	0.754908	0.006081	0.059688
82	044908:40204195	1	1	0.004343	0.245092	0.006081	0.059688
83	044908:40208074	0	2	0.995333	0.754563	0.006544	0.057536
83	044908:40208074	1	1	0.004667	0.245437	0.006544	0.057536
84	044908:43887999	0	1	0.015767	0.990552	0.012700	0.013189
84	044908:43887999	1	2	0.984233	0.009448	0.012700	0.013189
85	044908:48107298	0	2	0.632658	0.990558	0.045131	0.013192
85	044908:48107298	1	1	0.367342	0.009442	0.045131	0.013192
86	044908:48107409	0	2	0.472503	0.986493	0.047547	0.018748
86	044908:48107409	1	1	0.527497	0.013507	0.047547	0.018748
87	044908:55760529	0	2	0.995421	0.558886	0.006435	0.068880
87	044908:55760529	1	1	0.004579	0.441114	0.006435	0.068880
88	044908:73208632	0	1	0.004780	0.499781	0.006700	0.067960
88	044908:73208632	1	2	0.995220	0.500219	0.006700	0.067960
89	044909:2920390	0	2	0.995576	0.824411	0.006209	0.061820
89	044909:2920390	1	1	0.004424	0.175589	0.006209	0.061820
90	044909:3204980	0	1	0.004585	0.292566	0.006457	0.061965
90	044909:3204980	1	2	0.995415	0.707434	0.006457	0.061965
91	044909:3216367	0	2	0.995649	0.735246	0.006119	0.061071
91	044909:3216367	1	1	0.004351	0.264754	0.006119	0.061071
92	044909:5493315	0	2	0.510333	0.988851	0.050536	0.015482
92	044909:5493315	1	1	0.489667	0.011149	0.050536	0.015482
93	044909:5969662	0	1	0.004672	0.556433	0.006560	0.067709
93	044909:5969662	1	2	0.995328	0.443567	0.006560	0.067709
94	044909:9019068	0	1	0.169919	0.990888	0.036808	0.012701
94	044909:9019068	1	2	0.830081	0.009112	0.036808	0.012701
95	044909:10878953	0	1	0.005621	0.704065	0.007879	0.064446
95	044909:10878953	1	2	0.994379	0.295935	0.007879	0.064446
96	044909:21790616	0	2	0.481514	0.972738	0.047633	0.021748
96	044909:21790616	1	1	0.518486	0.027262	0.047633	0.021748
97	044909:21793484	0	2	0.479454	0.969386	0.050439	0.024334
97	044909:21793484	1	1	0.520546	0.030614	0.050439	0.024334
98	044909:27665158	0	2	0.994506	0.814189	0.007697	0.064841
98	044909:27665158	1	1	0.005494	0.185811	0.007697	0.064841
99	044909:31153409	0	1	0.004766	0.235759	0.006690	0.057754
99	044909:31153409	1	2	0.995234	0.764241	0.006690	0.057754
100	044909:32400818	0	2	0.647330	0.990923	0.048760	0.012681
100	044909:32400818	1	1	0.352670	0.009077	0.048760	0.012681
101	044909:33944686	0	2	0.481646	0.990933	0.047674	0.012633
101	044909:33944686	1	1	0.518354	0.009067	0.047674	0.012633
102	044909:33944952	0	2	0.473070	0.987795	0.047175	0.017013
102	044909:33944952	1	1	0.526930	0.012205	0.047175	0.017013
103	044909:33945363	0	2	0.461797	0.990917	0.048339	0.012691
103	044909:33945363	1	1	0.538203	0.009083	0.048339	0.012691
104	044909:35740476	0	1	0.049529	0.681950	0.020489	0.062244
104	044909:35740476	1	2	0.950471	0.318050	0.020489	0.062244
105	044909:48419201	0	2	0.995247	0.822756	0.006681	0.067509
105	044909:48419201	1	1	0.004753	0.177244	0.006681	0.067509
106	044909:49164749	0	1	0.005641	0.715633	0.007894	0.062498
106	044909:49164749	1	2	0.994359	0.284367	0.007894	0.062498
107	044909:53008684	0	1	0.076602	0.427270	0.025108	0.066088
107	044909:53008684	1	2	0.923398	0.572730	0.025108	0.066088
108	044910:17831012	0	2	0.535975	0.990904	0.047124	0.012698
108	044910:17831012	1	1	0.464025	0.009096	0.047124	0.012698
109	044910:17835051	0	2	0.578282	0.990893	0.045762	0.012699
109	044910:17835051	1	1	0.421718	0.009107	0.045762	0.012699
110	044910:18793578	0	2	0.520594	0.990543	0.050553	0.013157
110	044910:18793578	1	1	0.479406	0.009457	0.050553	0.013157
111	044910:23166039	0	2	0.535386	0.989783	0.046753	0.014233
111	044910:23166039	1	1	0.464614	0.010217	0.046753	0.014233
112	044910:23171739	0	1	0.005272	0.539218	0.007382	0.069144
112	044910:23171739	1	2	0.994728	0.460782	0.007382	0.069144
113	044910:30354648	0	2	0.661492	0.989394	0.047391	0.014784
113	044910:30354648	1	1	0.338508	0.010606	0.047391	0.014784
114	044910:30358890	0	2	0.402584	0.990935	0.045923	0.012639
114	044910:30358890	1	1	0.597416	0.009065	0.045923	0.012639
115	044910:30508904	0	2	0.904043	0.443313	0.029478	0.067564
115	044910:30508904	1	1	0.095957	0.556687	0.029478	0.067564
116	044910:30508996	0	2	0.324657	0.952809	0.047240	0.028851
116	044910:30508996	1	1	0.675343	0.047191	0.047240	0.028851
117	044910:30733303	0	2	0.518979	0.990146	0.048583	0.013698
117	044910:30733303	1	1	0.481021	0.009854	0.048583	0.013698
118	044910:31541079	0	2	0.580506	0.990593	0.052570	0.013093
118	044910:31541079	1	1	0.419494	0.009407	0.052570	0.013093
119	044910:31542000	0	2	0.557555	0.990572	0.052937	0.013168
119	044910:31542000	1	1	0.442445	0.009428	0.052937	0.013168
120	044910:31542040	0	1	0.005871	0.318099	0.008235	0.062375
120	044910:31542040	1	2	0.994129	0.681901	0.008235	0.062375
121	044910:38150397	0	2	0.994366	0.663294	0.007908	0.066775
121	044910:38150397	1	1	0.005634	0.336706	0.007908	0.066775
122	044910:38150872	0	2	0.636850	0.990575	0.049099	0.013112
122	044910:38150872	1	1	0.363150	0.009425	0.049099	0.013112
123	044910:39193480	0	2	0.965992	0.841459	0.017756	0.056271
123	044910:39193480	1	1	0.034008	0.158541	0.017756	0.056271
124	044910:46091140	0	2	0.925304	0.433404	0.028012	0.124180
124	044910:46091140	1	1	0.074696	0.566596	0.028012	0.124180
125	044910:48573982	0	1	0.030958	0.386825	0.016224	0.066275
125	044910:48573982	1	2	0.969042	0.613175	0.016224	0.066275
126	044910:48575746	0	2	0.518028	0.918266	0.047219	0.036581
126	044910:48575746	1	1	0.481972	0.081734	0.047219	0.036581
127	044910:48679838	0	2	0.616452	0.936314	0.047713	0.032621
127	044910:48679838	1	1	0.383548	0.063686	0.047713	0.032621
128	044910:48680161	0	2	0.985422	0.613221	0.011759	0.066252
128	044910:48680161	1	1	0.014578	0.386779	0.011759	0.066252
129	044911:1535995	0	2	0.995652	0.693555	0.006114	0.081560
129	044911:1535995	1	1	0.004348	0.306445	0.006114	0.081560
130	044911:20491423	0	2	0.994938	0.594327	0.007103	0.066853
130	044911:20491423	1	1	0.005062	0.405673	0.007103	0.066853
131	044911:20494769	0	2	0.995042	0.617470	0.006970	0.067347
131	044911:20494769	1	1	0.004958	0.382530	0.006970	0.067347
132	044911:32141714	0	2	0.490999	0.952758	0.047204	0.028908
132	044911:32141714	1	1	0.509001	0.047242	0.047204	0.028908
133	044911:33118162	0	2	0.587030	0.990562	0.045663	0.013137
133	044911:33118162	1	1	0.412970	0.009438	0.045663	0.013137
134	044911:33118875	0	2	0.591773	0.990541	0.046897	0.013155
134	044911:33118875	1	1	0.408227	0.009459	0.046897	0.013155
135	044911:44836698	0	2	0.995490	0.755421	0.006337	0.061997
135	044911:44836698	1	1	0.004510	0.244579	0.006337	0.061997
136	044911:45841124	0	2	0.417544	0.990573	0.047065	0.013152
136	044911:45841124	1	1	0.582456	0.009427	0.047065	0.013152
137	044911:45842241	0	2	0.995396	0.877398	0.006470	0.044576
137	044911:45842241	1	1	0.004604	0.122602	0.006470	0.044576
138	044911:52513666	0	2	0.869385	0.499861	0.031867	0.066776
138	044911:52513666	1	1	0.130615	0.500139	0.031867	0.066776
139	044911:52529719	0	2	0.995513	0.638154	0.006300	0.087789
139	044911:52529719	1	1	0.004487	0.361846	0.006300	0.087789
140	044911:56305174	0	1	0.004959	0.357188	0.006966	0.079850
140	044911:56305174	1	2	0.995041	0.642812	0.006966	0.079850
141	044911:62598098	0	2	0.440598	0.954565	0.049095	0.027805
141	044911:62598098	1	1	0.559402	0.045435	0.049095	0.027805
142	044912:9347307	0	1	0.004581	0.669798	0.006442	0.064020
142	044912:9347307	1	2	0.995419	0.330202	0.006442	0.064020
143	044912:13156985	0	2	0.995229	0.627173	0.006701	0.064582
143	044912:13156985	1	1	0.004771	0.372827	0.006701	0.064582
144	044912:13406706	0	2	0.995324	0.663649	0.006558	0.063103
144	044912:13406706	1	1	0.004676	0.336351	0.006558	0.063103
145	044912:14359888	0	1	0.274746	0.987164	0.042182	0.017799
145	044912:14359888	1	2	0.725254	0.012836	0.042182	0.017799
146	044912:14598371	0	2	0.535428	0.990582	0.046643	0.013118
146	044912:14598371	1	1	0.464572	0.009418	0.046643	0.013118
147	044912:19058457	0	1	0.004346	0.231589	0.006104	0.065036
147	044912:19058457	1	2	0.995654	0.768411	0.006104	0.065036
148	044912:19060770	0	2	0.628494	0.211075	0.046067	0.060299
148	044912:19060770	1	1	0.371506	0.788925	0.046067	0.060299
149	044912:24701283	0	1	0.004414	0.764181	0.006201	0.057757
149	044912:24701283	1	2	0.995586	0.235819	0.006201	0.057757
150	044912:31575967	0	2	0.994843	0.757256	0.007223	0.071352
150	044912:31575967	1	1	0.005157	0.242744	0.007223	0.071352
151	044912:40138229	0	2	0.986963	0.766671	0.010538	0.062348
151	044912:40138229	1	1	0.013037	0.233329	0.010538	0.062348
152	044913:3812185	0	2	0.443871	0.990572	0.047818	0.013165
152	044913:3812185	1	1	0.556129	0.009428	0.047818	0.013165
153	044913:4117931	0	2	0.570698	0.990572	0.049448	0.013161
153	044913:4117931	1	1	0.429302	0.009428	0.049448	0.013161
154	044913:4542189	0	1	0.061872	0.427274	0.023419	0.066135
154	044913:4542189	1	2	0.938128	0.572726	0.023419	0.066135
155	044913:21376790	0	2	0.536012	0.987775	0.047160	0.016965
155	044913:21376790	1	1	0.463988	0.012225	0.047160	0.016965
156	044913:25470495	0	2	0.530280	0.986510	0.049899	0.018699
156	044913:25470495	1	1	0.469720	0.013490	0.049899	0.018699
157	044913:40875320	0	2	0.994716	0.699874	0.007424	0.061293
157	044913:40875320	1	1	0.005284	0.300126	0.007424	0.061293
158	044913:44283650	0	1	0.070033	0.627329	0.024516	0.064561
158	044913:44283650	1	2	0.929967	0.372671	0.024516	0.064561
159	044913:44284555	0	2	0.561922	0.990201	0.050130	0.013664
159	044913:44284555	1	1	0.438078	0.009799	0.050130	0.013664
160	044913:44297854	0	2	0.542166	0.988879	0.050816	0.015485
160	044913:44297854	1	1	0.457834	0.011121	0.050816	0.015485
161	044914:789057	0	1	0.193659	0.972810	0.037306	0.021686
161	044914:789057	1	2	0.806341	0.027190	0.037306	0.021686
162	044914:789455	0	1	0.024695	0.881790	0.015373	0.043112
162	044914:789455	1	2	0.975305	0.118210	0.015373	0.043112
163	044914:792470	0	2	0.395247	0.904189	0.047507	0.042440
163	044914:792470	1	1	0.604753	0.095811	0.047507	0.042440
164	044914:19011661	0	1	0.004771	0.294790	0.006688	0.072072
164	044914:19011661	1	2	0.995229	0.705210	0.006688	0.072072
165	044914:19016623	0	1	0.005379	0.313889	0.007569	0.070006
165	044914:19016623	1	2	0.994621	0.686111	0.007569	0.070006
166	044914:23726757	0	2	0.995419	0.809091	0.006450	0.052437
166	044914:23726757	1	1	0.004581	0.190909	0.006450	0.052437
167	044914:27611912	0	2	0.640139	0.972731	0.046245	0.021795
167	044914:27611912	1	1	0.359861	0.027269	0.046245	0.021795
168	044914:29178384	0	2	0.604302	0.987185	0.045402	0.017739
168	044914:29178384	1	1	0.395698	0.012815	0.045402	0.017739
169	044914:39205313	0	1	0.039758	0.918291	0.018306	0.036537
169	044914:39205313	1	2	0.960242	0.081709	0.018306	0.036537
170	044914:54806513	0	1	0.039826	0.560570	0.018316	0.085115
170	044914:54806513	1	2	0.960174	0.439430	0.018316	0.085115
171	044915:2284380	0	2	0.994722	0.603621	0.007414	0.089315
171	044915:2284380	1	1	0.005278	0.396379	0.007414	0.089315
172	044915:4143612	0	2	0.995643	0.726348	0.006103	0.060705
172	044915:4143612	1	1	0.004357	0.273652	0.006103	0.060705
173	044915:4422741	0	2	0.414252	0.988901	0.047810	0.015464
173	044915:4422741	1	1	0.585748	0.011099	0.047810	0.015464
174	044915:6176790	0	2	0.959472	0.726523	0.018618	0.060640
174	044915:6176790	1	1	0.040528	0.273477	0.018618	0.060640
175	044915:11357750	0	2	0.534730	0.990916	0.046280	0.012651
175	044915:11357750	1	1	0.465270	0.009084	0.046280	0.012651
176	044915:11359526	0	2	0.985982	0.681788	0.011315	0.062159
176	044915:11359526	1	1	0.014018	0.318212	0.011315	0.062159
177	044915:12089539	0	1	0.317336	0.881908	0.043192	0.043138
177	044915:12089539	1	2	0.682664	0.118092	0.043192	0.043138
178	044915:12093366	0	2	0.432061	0.971709	0.048601	0.022588
178	044915:12093366	1	1	0.567939	0.028291	0.048601	0.022588
179	044915:14160241	0	2	0.480238	0.989347	0.049341	0.014838
179	044915:14160241	1	1	0.519762	0.010653	0.049341	0.014838
180	044915:19047174	0	2	0.538755	0.990880	0.048837	0.012716
180	044915:19047174	1	1	0.461245	0.009120	0.048837	0.012716
181	044915:19776516	0	1	0.004954	0.987820	0.006968	0.016940
181	044915:19776516	1	2	0.995046	0.012180	0.006968	0.016940
182	044915:23114927	0	2	0.995658	0.790820	0.006088	0.054255
182	044915:23114927	1	1	0.004342	0.209180	0.006088	0.054255
183	044915:23117099	0	2	0.995635	0.779087	0.006140	0.062571
183	044915:23117099	1	1	0.004365	0.220913	0.006140	0.062571
184	044915:23120836	0	2	0.481986	0.990909	0.047242	0.012680
184	044915:23120836	1	1	0.518014	0.009091	0.047242	0.012680
185	044915:23605144	0	2	0.995581	0.707647	0.006196	0.061986
185	044915:23605144	1	1	0.004419	0.292353	0.006196	0.061986
186	044915:27792305	0	2	0.325637	0.990908	0.044689	0.012689
186	044915:27792305	1	1	0.674363	0.009092	0.044689	0.012689
187	044915:27868868	0	2	0.570680	0.990191	0.049486	0.013642
187	044915:27868868	1	1	0.429320	0.009809	0.049486	0.013642
188	044915:27874817	0	2	0.555006	0.990920	0.047380	0.012670
188	044915:27874817	1	1	0.444994	0.009080	0.047380	0.012670
189	044915:27874832	0	2	0.434608	0.900014	0.047656	0.040184
189	044915:27874832	1	1	0.565392	0.099986	0.047656	0.040184
190	044915:27946493	0	1	0.005626	0.214267	0.007908	0.068275
190	044915:27946493	1	2	0.994374	0.785733	0.007908	0.068275
191	044915:28392022	0	2	0.995334	0.833293	0.006552	0.054842
191	044915:28392022	1	1	0.004666	0.166707	0.006552	0.054842
192	044915:31308918	0	1	0.030999	0.382278	0.016237	0.067391
192	044915:31308918	1	2	0.969001	0.617722	0.016237	0.067391
193	044915:32544020	0	1	0.022519	0.972737	0.014010	0.021764
193	044915:32544020	1	2	0.977481	0.027263	0.014010	0.021764
194	044915:36113601	0	2	0.380660	0.990900	0.046278	0.012736
194	044915:36113601	1	1	0.619340	0.009100	0.046278	0.012736
195	044915:41230410	0	2	0.995139	0.759174	0.006809	0.080810
195	044915:41230410	1	1	0.004861	0.240826	0.006809	0.080810
196	044915:41323500	0	1	0.059541	0.790912	0.022533	0.054384
196	044915:41323500	1	2	0.940459	0.209088	0.022533	0.054384
197	044915:41325315	0	1	0.053312	0.764157	0.021995	0.057819
197	044915:41325315	1	2	0.946688	0.235843	0.021995	0.057819
198	044915:42576028	0	2	0.995328	0.754486	0.006556	0.057491
198	044915:42576028	1	1	0.004672	0.245514	0.006556	0.057491
199	044915:42580619	0	2	0.446819	0.990544	0.046583	0.013133
199	044915:42580619	1	1	0.553181	0.009456	0.046583	0.013133
