UponCompletionOf_600000_sweeps
LocNumber LocName AlleleNumber AlleleName FreqInPop0 FreqInPop1 SDInPop0 SDinPop1
0	044904:2132347	0	2	0.990201	0.551270	0.013677	0.078531
0	044904:2132347	1	1	0.009799	0.448730	0.013677	0.078531
1	044904:2132557	0	2	0.990556	0.858894	0.013174	0.055066
1	044904:2132557	1	1	0.009444	0.141106	0.013174	0.055066
2	044904:7507002	0	2	0.990915	0.445880	0.012662	0.080653
2	044904:7507002	1	1	0.009085	0.554120	0.012662	0.080653
3	044904:10070715	0	2	0.726313	0.954512	0.060645	0.035754
3	044904:10070715	1	1	0.273687	0.045488	0.060645	0.035754
4	044904:10070887	0	2	0.990920	0.756999	0.012693	0.071481
4	044904:10070887	1	1	0.009080	0.243001	0.012693	0.071481
5	044904:12346627	0	2	0.782940	0.986511	0.056172	0.018661
5	044904:12346627	1	1	0.217060	0.013489	0.056172	0.018661
6	044904:15180525	0	2	0.990565	0.019996	0.013141	0.027428
6	044904:15180525	1	1	0.009435	0.980004	0.013141	0.027428
7	044904:15238733	0	2	0.989749	0.671247	0.014282	0.078372
7	044904:15238733	1	1	0.010251	0.328753	0.014282	0.078372
8	044904:15923385	0	2	0.900035	0.576814	0.040030	0.078047
8	044904:15923385	1	1	0.099965	0.423186	0.040030	0.078047
9	044904:16941612	0	2	0.988873	0.526849	0.015510	0.081008
9	044904:16941612	1	1	0.011127	0.473151	0.015510	0.081008
10	044904:19301699	0	2	0.989797	0.712156	0.014198	0.077546
10	044904:19301699	1	1	0.010203	0.287844	0.014198	0.077546
11	044904:24908112	0	1	0.597903	0.017300	0.068104	0.023863
11	044904:24908112	1	2	0.402097	0.982700	0.068104	0.023863
12	044904:25860433	0	1	0.441290	0.108838	0.068886	0.063576
12	044904:25860433	1	2	0.558710	0.891162	0.068886	0.063576
13	044904:26815142	0	1	0.132705	0.274422	0.048040	0.078906
13	044904:26815142	1	2	0.867295	0.725578	0.048040	0.078906
14	044904:26817044	0	1	0.523346	0.040527	0.075373	0.032010
14	044904:26817044	1	2	0.476654	0.959473	0.075373	0.032010
15	044904:34978115	0	2	0.388877	0.986494	0.071896	0.018734
15	044904:34978115	1	1	0.611123	0.013506	0.071896	0.018734
16	044904:38114825	0	1	0.440992	0.018513	0.068791	0.025451
16	044904:38114825	1	2	0.559008	0.981487	0.068791	0.025451
17	044904:40139328	0	1	0.481099	0.014296	0.067916	0.019778
17	044904:40139328	1	2	0.518901	0.985704	0.067916	0.019778
18	044904:45247343	0	2	0.933986	0.628991	0.033731	0.085447
18	044904:45247343	1	1	0.066014	0.371009	0.033731	0.085447
19	044904:45248730	0	2	0.954518	0.689284	0.027875	0.075023
19	044904:45248730	1	1	0.045482	0.310716	0.027875	0.075023
20	044905:5456221	0	2	0.934004	0.772393	0.033781	0.121055
20	044905:5456221	1	1	0.065996	0.227607	0.033781	0.121055
21	044905:10552652	0	2	0.707563	0.987226	0.061893	0.017667
21	044905:10552652	1	1	0.292437	0.012774	0.061893	0.017667
22	044905:11981100	0	1	0.436064	0.013491	0.071534	0.018630
22	044905:11981100	1	2	0.563936	0.986509	0.071534	0.018630
23	044905:12949637	0	2	0.989800	0.689056	0.014241	0.075150
23	044905:12949637	1	1	0.010200	0.310944	0.014241	0.075150
24	044905:14289965	0	2	0.990566	0.528357	0.013186	0.083265
24	044905:14289965	1	1	0.009434	0.471643	0.013186	0.083265
25	044905:14352248	0	2	0.989819	0.757108	0.014168	0.071366
25	044905:14352248	1	1	0.010181	0.242892	0.014168	0.071366
26	044905:14437291	0	1	0.216980	0.982752	0.056128	0.023762
26	044905:14437291	1	2	0.783020	0.017248	0.056128	0.023762
27	044905:16451079	0	2	0.988410	0.653737	0.016101	0.075195
27	044905:16451079	1	1	0.011590	0.346263	0.016101	0.075195
28	044905:17060533	0	2	0.990165	0.716171	0.013715	0.073081
28	044905:17060533	1	1	0.009835	0.283829	0.013715	0.073081
29	044905:17072437	0	2	0.397858	0.978260	0.069247	0.029798
29	044905:17072437	1	1	0.602142	0.021740	0.069247	0.029798
30	044905:17090210	0	2	0.990917	0.662078	0.012669	0.076646
30	044905:17090210	1	1	0.009083	0.337922	0.012669	0.076646
31	044905:18898934	0	1	0.445392	0.012835	0.066474	0.017758
31	044905:18898934	1	2	0.554608	0.987165	0.066474	0.017758
32	044905:21264233	0	1	0.351153	0.012812	0.068905	0.017815
32	044905:21264233	1	2	0.648847	0.987188	0.068905	0.017815
33	044905:21266363	0	2	0.551339	0.986473	0.078617	0.018753
33	044905:21266363	1	1	0.448661	0.013527	0.078617	0.018753
34	044905:26058585	0	2	0.990927	0.012833	0.012678	0.017799
34	044905:26058585	1	1	0.009073	0.987167	0.012678	0.017799
35	044905:26059026	0	2	0.594377	0.983870	0.066786	0.022283
35	044905:26059026	1	1	0.405623	0.016130	0.066786	0.022283
36	044905:26062400	0	1	0.336235	0.012828	0.063031	0.017790
36	044905:26062400	1	2	0.663765	0.987172	0.063031	0.017790
37	044905:36070808	0	2	0.463554	0.984824	0.066721	0.020952
37	044905:36070808	1	1	0.536446	0.015176	0.066721	0.020952
38	044905:56193281	0	2	0.764196	0.423177	0.057774	0.078160
38	044905:56193281	1	1	0.235804	0.576823	0.057774	0.078160
39	044905:57721107	0	2	0.990912	0.607918	0.012665	0.079169
39	044905:57721107	1	1	0.009088	0.392082	0.012665	0.079169
40	044905:61526892	0	2	0.990875	0.673836	0.012699	0.095801
40	044905:61526892	1	1	0.009125	0.326164	0.012699	0.095801
41	044905:61526936	0	2	0.990883	0.868496	0.012731	0.075528
41	044905:61526936	1	1	0.009117	0.131504	0.012731	0.075528
42	044905:63899629	0	2	0.990911	0.474450	0.012656	0.078976
42	044905:63899629	1	1	0.009089	0.525550	0.012656	0.078976
43	044905:63919366	0	1	0.539278	0.112410	0.069074	0.055945
43	044905:63919366	1	2	0.460722	0.887590	0.069074	0.055945
44	044905:63921010	0	1	0.556458	0.051683	0.067587	0.040369
44	044905:63921010	1	2	0.443542	0.948317	0.067587	0.040369
45	044905:68113296	0	1	0.669976	0.175707	0.063968	0.061723
45	044905:68113296	1	2	0.330024	0.824293	0.063968	0.061723
46	044905:68113584	0	2	0.474429	0.987166	0.078868	0.017762
46	044905:68113584	1	1	0.525571	0.012834	0.078868	0.017762
47	044905:68113848	0	1	0.028275	0.365218	0.022551	0.078228
47	044905:68113848	1	2	0.971725	0.634782	0.022551	0.078228
48	044905:74667428	0	1	0.318193	0.013515	0.062303	0.018740
48	044905:74667428	1	2	0.681807	0.986485	0.062303	0.018740
49	044905:74794462	0	2	0.990181	0.499888	0.013719	0.094444
49	044905:74794462	1	1	0.009819	0.500112	0.013719	0.094444
50	044905:74797249	0	1	0.820936	0.037438	0.052331	0.030431
50	044905:74797249	1	2	0.179064	0.962562	0.052331	0.030431
51	044905:78597898	0	2	0.537699	0.983820	0.067770	0.022327
51	044905:78597898	1	1	0.462301	0.016180	0.067770	0.022327
52	044905:84733756	0	2	0.990895	0.651531	0.012695	0.081799
52	044905:84733756	1	1	0.009105	0.348469	0.012695	0.081799
53	044905:90315911	0	2	0.989360	0.064016	0.014802	0.038788
53	044905:90315911	1	1	0.010640	0.935984	0.014802	0.038788
54	044905:90316192	0	2	0.971787	0.177260	0.022575	0.067500
54	044905:90316192	1	1	0.028213	0.822740	0.022575	0.067500
55	044905:91669808	0	2	0.990186	0.706888	0.013675	0.083144
55	044905:91669808	1	1	0.009814	0.293112	0.013675	0.083144
56	044905:92774372	0	2	0.537744	0.982752	0.067872	0.023752
56	044905:92774372	1	1	0.462256	0.017248	0.067872	0.023752
57	044905:93259219	0	2	0.971762	0.064143	0.022545	0.038745
57	044905:93259219	1	1	0.028238	0.935857	0.022545	0.038745
58	044905:94577128	0	2	0.656723	0.983879	0.065798	0.022267
58	044905:94577128	1	1	0.343277	0.016121	0.065798	0.022267
59	044905:96241794	0	2	0.989323	0.833435	0.014872	0.079397
59	044905:96241794	1	1	0.010677	0.166565	0.014872	0.079397
60	044906:8646641	0	1	0.118216	0.256787	0.043199	0.070901
60	044906:8646641	1	2	0.881784	0.743213	0.043199	0.070901
61	044906:13767430	0	2	0.971706	0.499972	0.022611	0.081015
61	044906:13767430	1	1	0.028294	0.500028	0.022611	0.081015
62	044906:18196469	0	1	0.063582	0.899847	0.032578	0.122495
62	044906:18196469	1	2	0.936418	0.100153	0.032578	0.122495
63	044906:21386890	0	2	0.988909	0.730723	0.015434	0.070144
63	044906:21386890	1	1	0.011091	0.269277	0.015434	0.070144
64	044906:40983827	0	1	0.391022	0.013473	0.065179	0.018630
64	044906:40983827	1	2	0.608978	0.986527	0.065179	0.018630
65	044906:43532096	0	2	0.990918	0.711945	0.012679	0.077655
65	044906:43532096	1	1	0.009082	0.288055	0.012679	0.077655
66	044906:44637965	0	2	0.662833	0.987189	0.071370	0.017816
66	044906:44637965	1	1	0.337167	0.012811	0.071370	0.017816
67	044906:47939964	0	1	0.336321	0.018546	0.063229	0.025522
67	044906:47939964	1	2	0.663679	0.981454	0.063229	0.025522
68	044906:47940030	0	1	0.460860	0.015115	0.069113	0.020868
68	044906:47940030	1	2	0.539140	0.984885	0.069113	0.020868
69	044906:55305733	0	1	0.357143	0.067632	0.067773	0.040695
69	044906:55305733	1	2	0.642857	0.932368	0.067773	0.040695
70	044906:55306293	0	2	0.700117	0.983876	0.061241	0.022250
70	044906:55306293	1	1	0.299883	0.016124	0.061241	0.022250
71	044906:66860277	0	2	0.990941	0.824331	0.012653	0.061762
71	044906:66860277	1	1	0.009059	0.175669	0.012653	0.061762
72	044906:66864883	0	2	0.792584	0.985774	0.062607	0.019654
72	044906:66864883	1	1	0.207416	0.014226	0.062607	0.019654
73	044906:67568714	0	2	0.989791	0.742392	0.014234	0.074927
73	044906:67568714	1	1	0.010209	0.257608	0.014234	0.074927
74	044907:14261578	0	2	0.679416	0.957126	0.073823	0.033779
74	044907:14261578	1	1	0.320584	0.042874	0.073823	0.033779
75	044907:17594835	0	2	0.390891	0.859031	0.065215	0.054900
75	044907:17594835	1	1	0.609109	0.140969	0.065215	0.054900
76	044907:20349027	0	1	0.292968	0.044580	0.062014	0.035778
76	044907:20349027	1	2	0.707032	0.955420	0.062014	0.035778
77	044907:21809264	0	1	0.462468	0.051682	0.067654	0.040397
77	044907:21809264	1	2	0.537532	0.948318	0.067654	0.040397
78	044907:50258679	0	2	0.575656	0.986417	0.067218	0.018790
78	044907:50258679	1	1	0.424344	0.013583	0.067218	0.018790
79	044907:50313422	0	2	0.744904	0.987197	0.061705	0.017745
79	044907:50313422	1	1	0.255096	0.012803	0.061705	0.017745
80	044907:54282960	0	2	0.988909	0.689205	0.015470	0.075194
80	044907:54282960	1	1	0.011091	0.310795	0.015470	0.075194
81	044907:54284661	0	2	0.987187	0.671356	0.017783	0.078097
81	044907:54284661	1	1	0.012813	0.328644	0.017783	0.078097
82	044907:54291496	0	2	0.988853	0.679358	0.015514	0.073775
82	044907:54291496	1	1	0.011147	0.320642	0.015514	0.073775
83	044907:55171202	0	2	0.990554	0.314330	0.013159	0.087721
83	044907:55171202	1	1	0.009446	0.685670	0.013159	0.087721
84	044907:61548819	0	2	0.858463	0.403212	0.047470	0.086819
84	044907:61548819	1	1	0.141537	0.596788	0.047470	0.086819
85	044907:61549124	0	2	0.457516	0.986448	0.071916	0.018792
85	044907:61549124	1	1	0.542484	0.013552	0.071916	0.018792
86	044907:67040203	0	1	0.445437	0.015145	0.066355	0.020932
86	044907:67040203	1	2	0.554563	0.984855	0.066355	0.020932
87	044907:69050770	0	2	0.578370	0.983885	0.068474	0.022212
87	044907:69050770	1	1	0.421630	0.016115	0.068474	0.022212
88	044907:95894854	0	1	0.147058	0.591098	0.049156	0.084370
88	044907:95894854	1	2	0.852942	0.408902	0.049156	0.084370
89	044908:20639479	0	1	0.457394	0.013486	0.072000	0.018686
89	044908:20639479	1	2	0.542606	0.986514	0.072000	0.018686
90	044908:20648294	0	2	0.990911	0.785515	0.012698	0.068383
90	044908:20648294	1	1	0.009089	0.214485	0.012698	0.068383
91	044908:39394535	0	2	0.627806	0.986481	0.069781	0.018750
91	044908:39394535	1	1	0.372194	0.013519	0.069781	0.018750
92	044908:42628804	0	2	0.765256	0.981484	0.059969	0.025454
92	044908:42628804	1	1	0.234744	0.018516	0.059969	0.025454
93	044908:58341384	0	1	0.445526	0.012833	0.066458	0.017764
93	044908:58341384	1	2	0.554474	0.987167	0.066458	0.017764
94	044908:59800573	0	1	0.382450	0.012847	0.067424	0.017868
94	044908:59800573	1	2	0.617550	0.987153	0.067424	0.017868
95	044908:67510812	0	2	0.990534	0.128564	0.013210	0.055767
95	044908:67510812	1	1	0.009466	0.871436	0.013210	0.055767
96	044908:73083345	0	2	0.934005	0.088042	0.033842	0.066668
96	044908:73083345	1	1	0.065995	0.911958	0.033842	0.066668
97	044908:73209043	0	1	0.463688	0.017236	0.066666	0.023739
97	044908:73209043	1	2	0.536312	0.982764	0.066666	0.023739
98	044908:84386048	0	1	0.118106	0.628399	0.043121	0.076471
98	044908:84386048	1	2	0.881894	0.371601	0.043121	0.076471
99	044908:84781900	0	2	0.989356	0.807813	0.014833	0.105279
99	044908:84781900	1	1	0.010644	0.192187	0.014833	0.105279
100	044909:2920319	0	2	0.872123	0.500047	0.050346	0.088363
100	044909:2920319	1	1	0.127877	0.499953	0.050346	0.088363
101	044909:3208836	0	2	0.572721	0.986436	0.066069	0.018833
101	044909:3208836	1	1	0.427279	0.013564	0.066069	0.018833
102	044909:5872059	0	2	0.989811	0.757123	0.014244	0.071512
102	044909:5872059	1	1	0.010189	0.242877	0.014244	0.071512
103	044909:5973162	0	1	0.650830	0.016133	0.064841	0.022244
103	044909:5973162	1	2	0.349170	0.983867	0.064841	0.022244
104	044909:9012856	0	2	0.575531	0.981501	0.067321	0.025432
104	044909:9012856	1	1	0.424469	0.018499	0.067321	0.025432
105	044909:10760333	0	2	0.990565	0.063540	0.013174	0.050369
105	044909:10760333	1	1	0.009435	0.936460	0.013174	0.050369
106	044909:10878413	0	2	0.990565	0.716124	0.013136	0.073115
106	044909:10878413	1	1	0.009435	0.283876	0.013136	0.073115
107	044909:10878818	0	1	0.676560	0.021831	0.064937	0.029846
107	044909:10878818	1	2	0.323440	0.978169	0.064937	0.029846
108	044909:31153332	0	2	0.988926	0.716171	0.015406	0.073090
108	044909:31153332	1	1	0.011074	0.283829	0.015406	0.073090
109	044909:32414299	0	1	0.499856	0.017250	0.068029	0.023800
109	044909:32414299	1	2	0.500144	0.982750	0.068029	0.023800
110	044909:32912763	0	1	0.386873	0.012864	0.066327	0.017888
110	044909:32912763	1	2	0.613127	0.987136	0.066327	0.017888
111	044909:34666061	0	2	0.990891	0.671455	0.012681	0.078157
111	044909:34666061	1	1	0.009109	0.328545	0.012681	0.078157
112	044909:35302042	0	2	0.990901	0.730812	0.012678	0.070035
112	044909:35302042	1	1	0.009099	0.269188	0.012678	0.070035
113	044909:51911655	0	1	0.791148	0.066688	0.054331	0.040812
113	044909:51911655	1	2	0.208852	0.933312	0.054331	0.040812
114	044909:52093246	0	2	0.990200	0.688974	0.013633	0.075042
114	044909:52093246	1	1	0.009800	0.311026	0.013633	0.075042
115	044910:3731993	0	2	0.990559	0.854744	0.013171	0.062299
115	044910:3731993	1	1	0.009441	0.145256	0.013171	0.062299
116	044910:11071328	0	1	0.354455	0.080660	0.063839	0.048189
116	044910:11071328	1	2	0.645545	0.919340	0.063839	0.048189
117	044910:19694702	0	1	0.554542	0.013499	0.066472	0.018698
117	044910:19694702	1	2	0.445458	0.986501	0.066472	0.018698
118	044910:23166795	0	2	0.915161	0.175101	0.037879	0.061776
118	044910:23166795	1	1	0.084839	0.824899	0.037879	0.061776
119	044910:30509446	0	1	0.561166	0.128545	0.070228	0.055756
119	044910:30509446	1	2	0.438834	0.871455	0.070228	0.055756
120	044910:30511505	0	1	0.421566	0.055292	0.068458	0.043211
120	044910:30511505	1	2	0.578434	0.944708	0.068458	0.043211
121	044910:31542040	0	1	0.318232	0.409208	0.062322	0.141988
121	044910:31542040	1	2	0.681768	0.590792	0.062322	0.141988
122	044910:33518190	0	2	0.952776	0.371753	0.028896	0.076342
122	044910:33518190	1	1	0.047224	0.628247	0.028896	0.076342
123	044910:34915378	0	1	0.409088	0.012827	0.065783	0.017741
123	044910:34915378	1	2	0.590912	0.987173	0.065783	0.017741
124	044910:37029025	0	2	0.867282	0.499951	0.047997	0.088474
124	044910:37029025	1	1	0.132718	0.500049	0.047997	0.088474
125	044910:38078706	0	1	0.790822	0.013530	0.054291	0.018724
125	044910:38078706	1	2	0.209178	0.986470	0.054291	0.018724
126	044910:38149735	0	2	0.427156	0.982784	0.066055	0.023727
126	044910:38149735	1	1	0.572844	0.017216	0.066055	0.023727
127	044910:45889336	0	2	0.728599	0.987152	0.074116	0.017870
127	044910:45889336	1	1	0.271401	0.012848	0.074116	0.017870
128	044910:45929844	0	2	0.990930	0.928444	0.012634	0.055047
128	044910:45929844	1	1	0.009070	0.071556	0.012634	0.055047
129	044910:48573982	0	1	0.386813	0.014232	0.066168	0.019737
129	044910:48573982	1	2	0.613187	0.985768	0.066168	0.019737
130	044910:48582102	0	1	0.366594	0.012842	0.071107	0.017827
130	044910:48582102	1	2	0.633406	0.987158	0.071107	0.017827
131	044910:48582363	0	1	0.354645	0.012818	0.064030	0.017772
131	044910:48582363	1	2	0.645355	0.987182	0.064030	0.017772
132	044910:48679719	0	1	0.351104	0.115390	0.068865	0.050495
132	044910:48679719	1	2	0.648896	0.884610	0.068865	0.050495
133	044911:1528584	0	1	0.537743	0.157286	0.067847	0.060705
133	044911:1528584	1	2	0.462257	0.842714	0.067847	0.060705
134	044911:1528681	0	2	0.972705	0.743246	0.021825	0.070862
134	044911:1528681	1	1	0.027295	0.256754	0.021825	0.070862
135	044911:8075152	0	2	0.990922	0.596647	0.012684	0.086692
135	044911:8075152	1	1	0.009078	0.403353	0.012684	0.086692
136	044911:32144883	0	1	0.481816	0.012816	0.066646	0.017841
136	044911:32144883	1	2	0.518184	0.987184	0.066646	0.017841
137	044911:33117989	0	1	0.405462	0.013509	0.066841	0.018742
137	044911:33117989	1	2	0.594538	0.986491	0.066841	0.018742
138	044911:43669311	0	2	0.954532	0.705113	0.027891	0.072069
138	044911:43669311	1	1	0.045468	0.294887	0.027891	0.072069
139	044911:45842183	0	2	0.820813	0.385354	0.052239	0.081173
139	044911:45842183	1	1	0.179187	0.614646	0.052239	0.081173
140	044911:52510545	0	1	0.424512	0.013554	0.067263	0.018807
140	044911:52510545	1	2	0.575488	0.986446	0.067263	0.018807
141	044911:52513868	0	2	0.642885	0.982747	0.067785	0.023778
141	044911:52513868	1	1	0.357115	0.017253	0.067785	0.023778
142	044911:52647156	0	2	0.970572	0.699934	0.023483	0.089837
142	044911:52647156	1	1	0.029428	0.300066	0.023483	0.089837
143	044911:53157607	0	2	0.986488	0.730860	0.018711	0.070218
143	044911:53157607	1	1	0.013512	0.269140	0.018711	0.070218
144	044911:56300372	0	1	0.414427	0.012851	0.082041	0.017826
144	044911:56300372	1	2	0.585573	0.987149	0.082041	0.017826
145	044911:56303310	0	1	0.354590	0.040493	0.063869	0.031899
145	044911:56303310	1	2	0.645410	0.959507	0.063869	0.031899
146	044911:56306130	0	2	0.650809	0.981421	0.064920	0.025556
146	044911:56306130	1	1	0.349191	0.018579	0.064920	0.025556
147	044911:56686376	0	1	0.627353	0.014270	0.064528	0.019782
147	044911:56686376	1	2	0.372647	0.985730	0.064528	0.019782
148	044911:56688675	0	1	0.463543	0.012836	0.066609	0.017789
148	044911:56688675	1	2	0.536457	0.987164	0.066609	0.017789
149	044911:63638913	0	2	0.518065	0.961713	0.066849	0.030430
149	044911:63638913	1	1	0.481935	0.038287	0.066849	0.030430
150	044912:5744175	0	1	0.438860	0.064126	0.070212	0.038745
150	044912:5744175	1	2	0.561140	0.935874	0.070212	0.038745
151	044912:13156985	0	2	0.627140	0.984809	0.064660	0.020989
151	044912:13156985	1	1	0.372860	0.015191	0.064660	0.020989
152	044912:13532941	0	2	0.990566	0.868247	0.013186	0.075703
152	044912:13532941	1	1	0.009434	0.131753	0.013186	0.075703
153	044912:24690057	0	2	0.990198	0.741408	0.013649	0.079971
153	044912:24690057	1	1	0.009802	0.258592	0.013649	0.079971
154	044912:24701283	0	1	0.764009	0.013508	0.057727	0.018699
154	044912:24701283	1	2	0.235991	0.986492	0.057727	0.018699
155	044912:32104805	0	2	0.981513	0.527039	0.025424	0.080843
155	044912:32104805	1	1	0.018487	0.472961	0.025424	0.080843
156	044912:37773157	0	1	0.263718	0.966695	0.058819	0.044921
156	044912:37773157	1	2	0.736282	0.033305	0.058819	0.044921
157	044912:42149614	0	1	0.499744	0.141051	0.124923	0.055129
157	044912:42149614	1	2	0.500256	0.858949	0.124923	0.055129
158	044913:3812867	0	2	0.754455	0.985687	0.057537	0.019865
158	044913:3812867	1	1	0.245545	0.014313	0.057537	0.019865
159	044913:4118140	0	2	0.990221	0.500047	0.013642	0.088351
159	044913:4118140	1	1	0.009779	0.499953	0.013642	0.088351
160	044913:5634173	0	2	0.645595	0.987201	0.063865	0.017753
160	044913:5634173	1	1	0.354405	0.012799	0.063865	0.017753
161	044913:5649264	0	2	0.990577	0.722142	0.013148	0.141743
161	044913:5649264	1	1	0.009423	0.277858	0.013148	0.141743
162	044913:5649388	0	2	0.990587	0.682001	0.013139	0.134586
162	044913:5649388	1	1	0.009413	0.317999	0.013139	0.134586
163	044913:19933861	0	2	0.987158	0.704893	0.017829	0.072046
163	044913:19933861	1	1	0.012842	0.295107	0.017829	0.072046
164	044913:19934246	0	1	0.581718	0.015143	0.069799	0.020936
164	044913:19934246	1	2	0.418282	0.984857	0.069799	0.020936
165	044913:40875596	0	2	0.990222	0.781809	0.013655	0.065329
165	044913:40875596	1	1	0.009778	0.218191	0.013655	0.065329
166	044913:50914779	0	2	0.990589	0.528460	0.013135	0.082988
166	044913:50914779	1	1	0.009411	0.471540	0.013135	0.082988
167	044913:64648740	0	2	0.990531	0.700044	0.013188	0.089824
167	044913:64648740	1	1	0.009469	0.299956	0.013188	0.089824
168	044914:5708109	0	2	0.892160	0.557059	0.043027	0.082865
168	044914:5708109	1	1	0.107840	0.442941	0.043027	0.082865
169	044914:19400615	0	2	0.651023	0.423016	0.064948	0.078146
169	044914:19400615	1	1	0.348977	0.576984	0.064948	0.078146
170	044914:27603505	0	1	0.367852	0.013515	0.065618	0.018731
170	044914:27603505	1	2	0.632148	0.986485	0.065618	0.018731
171	044914:29179740	0	2	0.989771	0.614124	0.014252	0.081305
171	044914:29179740	1	1	0.010229	0.385876	0.014252	0.081305
172	044914:42248002	0	1	0.280491	0.016106	0.069257	0.022279
172	044914:42248002	1	2	0.719509	0.983894	0.069257	0.022279
173	044914:42920025	0	2	0.990207	0.651566	0.013642	0.081757
173	044914:42920025	1	1	0.009793	0.348434	0.013642	0.081757
174	044914:46617526	0	1	0.427414	0.089711	0.066093	0.045220
174	044914:46617526	1	2	0.572586	0.910289	0.066093	0.045220
175	044914:53291873	0	2	0.969372	0.129637	0.024376	0.063563
175	044914:53291873	1	1	0.030628	0.870363	0.024376	0.063563
176	044914:53291940	0	1	0.755721	0.017254	0.064707	0.023799
176	044914:53291940	1	2	0.244279	0.982746	0.064707	0.023799
177	044914:54431227	0	1	0.622286	0.017237	0.068471	0.023688
177	044914:54431227	1	2	0.377714	0.982763	0.068471	0.023688
178	044914:57131177	0	1	0.578630	0.054387	0.068435	0.043264
178	044914:57131177	1	2	0.421370	0.945613	0.068435	0.043264
179	044914:57131894	0	1	0.681865	0.099446	0.062331	0.050011
179	044914:57131894	1	2	0.318135	0.900554	0.062331	0.050011
180	044914:57133631	0	2	0.990924	0.730629	0.012673	0.070051
180	044914:57133631	1	1	0.009076	0.269371	0.012673	0.070051
181	044915:4426345	0	2	0.990574	0.689233	0.013155	0.075082
181	044915:4426345	1	1	0.009426	0.310767	0.013155	0.075082
182	044915:7268357	0	1	0.068628	0.442977	0.035084	0.082715
182	044915:7268357	1	2	0.931372	0.557023	0.035084	0.082715
183	044915:7703832	0	1	0.388816	0.014308	0.071809	0.019811
183	044915:7703832	1	2	0.611184	0.985692	0.071809	0.019811
184	044915:7704473	0	2	0.990909	0.611070	0.012726	0.092336
184	044915:7704473	1	1	0.009091	0.388930	0.012726	0.092336
185	044915:7711878	0	2	0.736493	0.985686	0.058887	0.019849
185	044915:7711878	1	1	0.263507	0.014314	0.058887	0.019849
186	044915:7712613	0	2	0.990589	0.797227	0.013115	0.065246
186	044915:7712613	1	1	0.009411	0.202773	0.013115	0.065246
187	044915:11357795	0	1	0.536183	0.012800	0.066668	0.017753
187	044915:11357795	1	2	0.463817	0.987200	0.066668	0.017753
188	044915:11359762	0	1	0.554507	0.013541	0.066494	0.018732
188	044915:11359762	1	2	0.445493	0.986459	0.066494	0.018732
189	044915:19964731	0	2	0.990577	0.012837	0.013121	0.017869
189	044915:19964731	1	1	0.009423	0.987163	0.013121	0.017869
190	044915:27317076	0	2	0.988888	0.371489	0.015447	0.076482
190	044915:27317076	1	1	0.011112	0.628511	0.015447	0.076482
191	044915:27944412	0	1	0.608996	0.014270	0.065229	0.019756
191	044915:27944412	1	2	0.391004	0.985730	0.065229	0.019756
192	044915:27946491	0	1	0.385549	0.014260	0.081118	0.019736
192	044915:27946491	1	2	0.614451	0.985740	0.081118	0.019736
193	044915:28392695	0	2	0.681800	0.986441	0.062174	0.018785
193	044915:28392695	1	1	0.318200	0.013559	0.062174	0.018785
194	044915:29447926	0	1	0.645363	0.018523	0.063928	0.025529
194	044915:29447926	1	2	0.354637	0.981477	0.063928	0.025529
195	044915:29450430	0	2	0.990906	0.659942	0.012631	0.092870
195	044915:29450430	1	1	0.009094	0.340058	0.012631	0.092870
196	044915:32552550	0	2	0.990565	0.759342	0.013183	0.080751
196	044915:32552550	1	1	0.009435	0.240658	0.013183	0.080751
197	044915:33917612	0	2	0.990923	0.757012	0.012709	0.071478
197	044915:33917612	1	1	0.009077	0.242988	0.012709	0.071478
198	044915:34385226	0	2	0.972756	0.556905	0.021776	0.082785
198	044915:34385226	1	1	0.027244	0.443095	0.021776	0.082785
199	044915:37911189	0	2	0.669941	0.944568	0.064031	0.043270
199	044915:37911189	1	1	0.330059	0.055432	0.064031	0.043270
