UponCompletionOf_600000_sweeps
LocNumber LocName AlleleNumber AlleleName FreqInPop0 FreqInPop1 SDInPop0 SDinPop1
0	044904:2132766	0	2	0.527119	0.965109	0.081036	0.027693
0	044904:2132766	1	1	0.472881	0.034891	0.081036	0.027693
1	044904:2990987	0	2	0.957094	0.662819	0.033801	0.071339
1	044904:2990987	1	1	0.042906	0.337181	0.033801	0.071339
2	044904:7498606	0	2	0.987177	0.616468	0.017759	0.073149
2	044904:7498606	1	1	0.012823	0.383532	0.017759	0.073149
3	044904:7507575	0	2	0.987183	0.755710	0.017784	0.064707
3	044904:7507575	1	1	0.012817	0.244290	0.017784	0.064707
4	044904:7509039	0	2	0.987114	0.523338	0.017876	0.075276
4	044904:7509039	1	1	0.012886	0.476662	0.017876	0.075276
5	044904:7989615	0	2	0.983824	0.695033	0.022292	0.071017
5	044904:7989615	1	1	0.016176	0.304967	0.022292	0.071017
6	044904:9750214	0	2	0.089720	0.988377	0.045262	0.016141
6	044904:9750214	1	1	0.910280	0.011623	0.045262	0.016141
7	044904:10277785	0	2	0.959469	0.662769	0.032027	0.071348
7	044904:10277785	1	1	0.040531	0.337231	0.032027	0.071348
8	044904:10277950	0	2	0.772840	0.988387	0.071812	0.016082
8	044904:10277950	1	1	0.227160	0.011613	0.071812	0.016082
9	044904:15904918	0	2	0.526973	0.988354	0.080940	0.016212
9	044904:15904918	1	1	0.473027	0.011646	0.080940	0.016212
10	044904:16941612	0	2	0.526786	0.988366	0.080960	0.016170
10	044904:16941612	1	1	0.473214	0.011634	0.080960	0.016170
11	044904:23611984	0	1	0.013509	0.269195	0.018713	0.070136
11	044904:23611984	1	2	0.986491	0.730805	0.018713	0.070136
12	044904:23612026	0	1	0.012827	0.283734	0.017804	0.073048
12	044904:23612026	1	2	0.987173	0.716266	0.017804	0.073048
13	044904:23614460	0	2	0.689110	0.988356	0.075148	0.016194
13	044904:23614460	1	1	0.310890	0.011644	0.075148	0.016194
14	044904:24421474	0	2	0.807790	0.988351	0.062292	0.016221
14	044904:24421474	1	1	0.192210	0.011649	0.062292	0.016221
15	044904:24908537	0	2	0.662259	0.988363	0.076755	0.016177
15	044904:24908537	1	1	0.337741	0.011637	0.076755	0.016177
16	044904:24914349	0	2	0.716178	0.988370	0.073263	0.016132
16	044904:24914349	1	1	0.283822	0.011630	0.073263	0.016132
17	044904:24919679	0	2	0.704939	0.987802	0.072180	0.016960
17	044904:24919679	1	1	0.295061	0.012198	0.072180	0.016960
18	044904:26239407	0	2	0.581269	0.988330	0.080047	0.016262
18	044904:26239407	1	1	0.418731	0.011670	0.080047	0.016262
19	044904:26247704	0	2	0.982713	0.756287	0.023844	0.067866
19	044904:26247704	1	1	0.017287	0.243713	0.023844	0.067866
20	044904:26815170	0	2	0.983827	0.689222	0.022343	0.075118
20	044904:26815170	1	1	0.016173	0.310778	0.022343	0.075118
21	044904:26816103	0	2	0.985710	0.730699	0.019822	0.070176
21	044904:26816103	1	1	0.014290	0.269301	0.019822	0.070176
22	044904:26816319	0	2	0.585608	0.987166	0.082091	0.017812
22	044904:26816319	1	1	0.414392	0.012834	0.082091	0.017812
23	044904:30424266	0	2	0.397397	0.987166	0.077402	0.017792
23	044904:30424266	1	1	0.602603	0.012834	0.077402	0.017792
24	044904:30424587	0	2	0.642953	0.987188	0.079839	0.017779
24	044904:30424587	1	1	0.357047	0.012812	0.079839	0.017779
25	044904:30425291	0	1	0.012833	0.548735	0.017752	0.076845
25	044904:30425291	1	2	0.987167	0.451265	0.017752	0.076845
26	044904:38933330	0	2	0.878393	0.267369	0.052922	0.066782
26	044904:38933330	1	1	0.121607	0.732631	0.052922	0.066782
27	044904:39613407	0	2	0.986497	0.639583	0.018736	0.072427
27	044904:39613407	1	1	0.013503	0.360417	0.018736	0.072427
28	044904:40140502	0	2	0.987197	0.642837	0.017773	0.079828
28	044904:40140502	1	1	0.012803	0.357163	0.017773	0.079828
29	044904:45243484	0	2	0.012877	0.965113	0.017870	0.027676
29	044904:45243484	1	1	0.987123	0.034887	0.017870	0.027676
30	044904:48659631	0	1	0.012787	0.430282	0.017752	0.074770
30	044904:48659631	1	2	0.987213	0.569718	0.017752	0.074770
31	044905:10939915	0	1	0.012833	0.426829	0.017790	0.076264
31	044905:10939915	1	2	0.987167	0.573171	0.017790	0.076264
32	044905:10940483	0	1	0.016121	0.430200	0.022234	0.074606
32	044905:10940483	1	2	0.983879	0.569800	0.022234	0.074606
33	044905:11135944	0	1	0.089745	0.499933	0.045266	0.075433
33	044905:11135944	1	2	0.910255	0.500067	0.045266	0.075433
34	044905:11136570	0	1	0.016178	0.524292	0.022353	0.077145
34	044905:11136570	1	2	0.983822	0.475708	0.022353	0.077145
35	044905:11139811	0	1	0.015101	0.524216	0.020908	0.077253
35	044905:11139811	1	2	0.984899	0.475784	0.020908	0.077253
36	044905:11140387	0	1	0.014296	0.524472	0.019808	0.076873
36	044905:11140387	1	2	0.985704	0.475528	0.019808	0.076873
37	044905:11141443	0	1	0.014320	0.475561	0.019831	0.077123
37	044905:11141443	1	2	0.985680	0.524439	0.019831	0.077123
38	044905:14350092	0	2	0.987157	0.709295	0.017773	0.068518
38	044905:14350092	1	1	0.012843	0.290705	0.017773	0.068518
39	044905:16124776	0	2	0.371781	0.988383	0.076378	0.016146
39	044905:16124776	1	1	0.628219	0.011617	0.076378	0.016146
40	044905:16450125	0	2	0.986476	0.662745	0.018706	0.071233
40	044905:16450125	1	1	0.013524	0.337255	0.018706	0.071233
41	044905:16456015	0	2	0.987203	0.662880	0.017705	0.071315
41	044905:16456015	1	1	0.012797	0.337120	0.017705	0.071315
42	044905:16461322	0	2	0.985700	0.662821	0.019792	0.071242
42	044905:16461322	1	1	0.014300	0.337179	0.019792	0.071242
43	044905:16694658	0	2	0.681728	0.987169	0.079803	0.017778
43	044905:16694658	1	1	0.318272	0.012831	0.079803	0.017778
44	044905:17096378	0	2	0.662101	0.987828	0.076732	0.016935
44	044905:17096378	1	1	0.337899	0.012172	0.076732	0.016935
45	044905:17096949	0	2	0.608106	0.988407	0.079119	0.016082
45	044905:17096949	1	1	0.391894	0.011593	0.079119	0.016082
46	044905:17097509	0	2	0.596569	0.988378	0.086708	0.016187
46	044905:17097509	1	1	0.403431	0.011622	0.086708	0.016187
47	044905:18898730	0	2	0.227316	0.768275	0.071903	0.065054
47	044905:18898730	1	1	0.772684	0.231725	0.071903	0.065054
48	044905:18903708	0	1	0.012827	0.597638	0.017775	0.075602
48	044905:18903708	1	2	0.987173	0.402362	0.017775	0.075602
49	044905:18905801	0	1	0.140937	0.755838	0.054999	0.064772
49	044905:18905801	1	2	0.859063	0.244162	0.054999	0.064772
50	044905:21262157	0	2	0.705351	0.985729	0.071977	0.019766
50	044905:21262157	1	1	0.294649	0.014271	0.071977	0.019766
51	044905:26124505	0	2	0.689142	0.988380	0.075024	0.016124
51	044905:26124505	1	1	0.310858	0.011620	0.075024	0.016124
52	044905:28087426	0	1	0.012807	0.448719	0.017792	0.078711
52	044905:28087426	1	2	0.987193	0.551281	0.017792	0.078711
53	044905:36071471	0	2	0.038380	0.988374	0.030426	0.016170
53	044905:36071471	1	1	0.961620	0.011626	0.030426	0.016170
54	044905:51532312	0	1	0.014275	0.499966	0.019784	0.075298
54	044905:51532312	1	2	0.985725	0.500034	0.019784	0.075298
55	044905:51532802	0	1	0.012803	0.406883	0.017791	0.074132
55	044905:51532802	1	2	0.987197	0.593117	0.017791	0.074132
56	044905:61717105	0	2	0.371747	0.965172	0.076416	0.027641
56	044905:61717105	1	1	0.628253	0.034828	0.076416	0.027641
57	044905:62837335	0	2	0.716128	0.988395	0.073062	0.016129
57	044905:62837335	1	1	0.283872	0.011605	0.073062	0.016129
58	044905:63917653	0	1	0.012822	0.453440	0.017773	0.075103
58	044905:63917653	1	2	0.987178	0.546560	0.017773	0.075103
59	044905:63917933	0	1	0.013512	0.453409	0.018735	0.075001
59	044905:63917933	1	2	0.986488	0.546591	0.018735	0.075001
60	044905:64789942	0	1	0.012865	0.499939	0.017845	0.079053
60	044905:64789942	1	2	0.987135	0.500061	0.017845	0.079053
61	044905:64795233	0	1	0.013521	0.451252	0.018758	0.076781
61	044905:64795233	1	2	0.986479	0.548748	0.018758	0.076781
62	044905:67846618	0	2	0.577010	0.987813	0.131912	0.016944
62	044905:67846618	1	1	0.422990	0.012187	0.131912	0.016944
63	044905:67846665	0	2	0.863918	0.987201	0.098850	0.017775
63	044905:67846665	1	1	0.136082	0.012799	0.098850	0.017775
64	044905:67875632	0	2	0.653742	0.988401	0.075227	0.016082
64	044905:67875632	1	1	0.346258	0.011599	0.075227	0.016082
65	044905:68113578	0	2	0.576882	0.986472	0.078028	0.018711
65	044905:68113578	1	1	0.423118	0.013528	0.078028	0.018711
66	044905:72982918	0	1	0.038500	0.476766	0.030556	0.075167
66	044905:72982918	1	2	0.961500	0.523234	0.030556	0.075167
67	044905:73221061	0	2	0.985732	0.639535	0.019730	0.072342
67	044905:73221061	1	1	0.014268	0.360465	0.019730	0.072342
68	044905:74794449	0	2	0.430992	0.988393	0.090634	0.016130
68	044905:74794449	1	1	0.569008	0.011607	0.090634	0.016130
69	044905:84624973	0	1	0.014250	0.476695	0.019758	0.075342
69	044905:84624973	1	2	0.985750	0.523305	0.019758	0.075342
70	044905:90262194	0	1	0.013558	0.409125	0.018786	0.084319
70	044905:90262194	1	2	0.986442	0.590875	0.018786	0.084319
71	044905:97703739	0	1	0.621334	0.353830	0.083261	0.073692
71	044905:97703739	1	2	0.378666	0.646170	0.083261	0.073692
72	044906:117446	0	1	0.094652	0.825591	0.047578	0.057240
72	044906:117446	1	2	0.905348	0.174409	0.047578	0.057240
73	044906:2699035	0	2	0.681710	0.474419	0.079865	0.078904
73	044906:2699035	1	1	0.318290	0.525581	0.079865	0.078904
74	044906:2720681	0	2	0.499894	0.890386	0.088454	0.048210
74	044906:2720681	1	1	0.500106	0.109614	0.088454	0.048210
75	044906:8647140	0	1	0.015164	0.451096	0.020951	0.076762
75	044906:8647140	1	2	0.984836	0.548904	0.020951	0.076762
76	044906:9323605	0	2	0.662107	0.963410	0.076738	0.028972
76	044906:9323605	1	1	0.337893	0.036590	0.076738	0.028972
77	044906:9324089	0	2	0.554097	0.941921	0.080591	0.035267
77	044906:9324089	1	1	0.445903	0.058079	0.080591	0.035267
78	044906:14213589	0	1	0.038431	0.360556	0.030453	0.072424
78	044906:14213589	1	2	0.961569	0.639444	0.030453	0.072424
79	044906:14219598	0	1	0.012827	0.406858	0.017768	0.074096
79	044906:14219598	1	2	0.987173	0.593142	0.017768	0.074096
80	044906:18289082	0	2	0.328533	0.987793	0.078228	0.016940
80	044906:18289082	1	1	0.671467	0.012207	0.078228	0.016940
81	044906:21386614	0	2	0.602593	0.430160	0.077360	0.074612
81	044906:21386614	1	1	0.397407	0.569840	0.077360	0.074612
82	044906:25016407	0	2	0.257615	0.965195	0.074879	0.027627
82	044906:25016407	1	1	0.742385	0.034805	0.074879	0.027627
83	044906:25016428	0	1	0.015106	0.451364	0.020911	0.076834
83	044906:25016428	1	2	0.984894	0.548636	0.020911	0.076834
84	044906:25028185	0	1	0.229792	0.686051	0.068207	0.070121
84	044906:25028185	1	2	0.770208	0.313949	0.068207	0.070121
85	044906:25028405	0	1	0.094641	0.662896	0.047534	0.071222
85	044906:25028405	1	2	0.905359	0.337104	0.047534	0.071222
86	044906:35765667	0	2	0.807828	0.987758	0.062364	0.016966
86	044906:35765667	1	1	0.192172	0.012242	0.062364	0.016966
87	044906:40984567	0	1	0.018547	0.442928	0.025488	0.082791
87	044906:40984567	1	2	0.981453	0.557072	0.025488	0.082791
88	044906:43536704	0	1	0.012819	0.329307	0.017771	0.072540
88	044906:43536704	1	2	0.987181	0.670693	0.017771	0.072540
89	044906:43537558	0	1	0.013501	0.383708	0.018701	0.073338
89	044906:43537558	1	2	0.986499	0.616292	0.018701	0.073338
90	044906:52460652	0	1	0.013486	0.569806	0.018665	0.074632
90	044906:52460652	1	2	0.986514	0.430194	0.018665	0.074632
91	044906:66860154	0	2	0.894112	0.988400	0.052747	0.016117
91	044906:66860154	1	1	0.105888	0.011600	0.052747	0.016117
92	044906:67568232	0	2	0.706984	0.987148	0.083055	0.017846
92	044906:67568232	1	1	0.293016	0.012852	0.083055	0.017846
93	044906:67569771	0	1	0.012851	0.709473	0.017859	0.068465
93	044906:67569771	1	2	0.987149	0.290527	0.017859	0.068465
94	044907:50314391	0	2	0.758041	0.987198	0.075719	0.017777
94	044907:50314391	1	1	0.241959	0.012802	0.075719	0.017777
95	044907:61544929	0	2	0.900003	0.290738	0.049977	0.068378
95	044907:61544929	1	1	0.099997	0.709262	0.049977	0.068378
96	044907:69049046	0	2	0.699843	0.987819	0.089931	0.016900
96	044907:69049046	1	1	0.300157	0.012181	0.089931	0.016900
97	044907:69049496	0	2	0.628177	0.965095	0.076435	0.027707
97	044907:69049496	1	1	0.371823	0.034905	0.076435	0.027707
98	044908:9893573	0	2	0.985703	0.900006	0.019776	0.074998
98	044908:9893573	1	1	0.014297	0.099994	0.019776	0.074998
99	044908:21575918	0	2	0.987188	0.593021	0.017760	0.074083
99	044908:21575918	1	1	0.012812	0.406979	0.017760	0.074083
100	044908:21647589	0	2	0.985717	0.755831	0.019748	0.064748
100	044908:21647589	1	1	0.014283	0.244169	0.019748	0.064748
101	044908:21647741	0	2	0.986480	0.755859	0.018736	0.064892
101	044908:21647741	1	1	0.013520	0.244141	0.018736	0.064892
102	044908:21648052	0	2	0.987171	0.732522	0.017792	0.066779
102	044908:21648052	1	1	0.012829	0.267478	0.017792	0.066779
103	044908:26803012	0	2	0.853029	0.987800	0.083451	0.016943
103	044908:26803012	1	1	0.146971	0.012200	0.083451	0.016943
104	044908:27043210	0	2	0.013548	0.965226	0.018794	0.027673
104	044908:27043210	1	1	0.986452	0.034774	0.018794	0.027673
105	044908:32250003	0	1	0.140980	0.569755	0.054998	0.074631
105	044908:32250003	1	2	0.859020	0.430245	0.054998	0.074631
106	044908:39401756	0	2	0.554127	0.965240	0.080565	0.027579
106	044908:39401756	1	1	0.445873	0.034760	0.080565	0.027579
107	044908:40414741	0	1	0.014301	0.430133	0.019748	0.074622
107	044908:40414741	1	2	0.985699	0.569867	0.019748	0.074622
108	044908:43887999	0	2	0.023779	0.987162	0.032457	0.017789
108	044908:43887999	1	1	0.976221	0.012838	0.032457	0.017789
109	044908:67511387	0	2	0.474420	0.941841	0.079069	0.035223
109	044908:67511387	1	1	0.525580	0.058159	0.079069	0.035223
110	044908:73083458	0	1	0.184141	0.653724	0.086717	0.075117
110	044908:73083458	1	2	0.815859	0.346276	0.086717	0.075117
111	044908:84386067	0	2	0.781918	0.938953	0.065272	0.036944
111	044908:84386067	1	1	0.218082	0.061047	0.065272	0.036944
112	044908:84781839	0	2	0.853022	0.983870	0.083447	0.022269
112	044908:84781839	1	1	0.146978	0.016130	0.083447	0.022269
113	044908:84781918	0	2	0.730537	0.712124	0.118665	0.077562
113	044908:84781918	1	1	0.269463	0.287876	0.118665	0.077562
114	044909:2848819	0	2	0.499849	0.986517	0.083276	0.018727
114	044909:2848819	1	1	0.500151	0.013483	0.083276	0.018727
115	044909:3208951	0	2	0.536905	0.987777	0.094093	0.016963
115	044909:3208951	1	1	0.463095	0.012223	0.094093	0.016963
116	044909:5876265	0	1	0.012878	0.336991	0.017836	0.071268
116	044909:5876265	1	2	0.987122	0.663009	0.017836	0.071268
117	044909:6067111	0	1	0.094632	0.523259	0.047516	0.075290
117	044909:6067111	1	2	0.905368	0.476741	0.047516	0.075290
118	044909:11802722	0	2	0.716188	0.988350	0.073181	0.016153
118	044909:11802722	1	1	0.283812	0.011650	0.073181	0.016153
119	044909:14378548	0	2	0.602454	0.987169	0.077351	0.017777
119	044909:14378548	1	1	0.397546	0.012831	0.077351	0.017777
120	044909:14383092	0	2	0.614477	0.984877	0.081127	0.020880
120	044909:14383092	1	1	0.385523	0.015123	0.081127	0.020880
121	044909:21790755	0	1	0.128666	0.719343	0.055751	0.069291
121	044909:21790755	1	2	0.871334	0.280657	0.055751	0.069291
122	044909:31245149	0	1	0.014313	0.523137	0.019826	0.075321
122	044909:31245149	1	2	0.985687	0.476863	0.019826	0.075321
123	044909:32401797	0	2	0.983878	0.709363	0.022210	0.068354
123	044909:32401797	1	1	0.016122	0.290637	0.022210	0.068354
124	044909:32537583	0	2	0.987143	0.763128	0.017854	0.095206
124	044909:32537583	1	1	0.012857	0.236872	0.017854	0.095206
125	044909:33216000	0	2	0.257445	0.988377	0.074911	0.016153
125	044909:33216000	1	1	0.742555	0.011623	0.074911	0.016153
126	044909:33704162	0	2	0.581242	0.987175	0.079973	0.017790
126	044909:33704162	1	1	0.418758	0.012825	0.079973	0.017790
127	044909:35302042	0	2	0.730823	0.987816	0.070265	0.016862
127	044909:35302042	1	1	0.269177	0.012184	0.070265	0.016862
128	044909:35737679	0	2	0.986499	0.499971	0.018700	0.075373
128	044909:35737679	1	1	0.013501	0.500029	0.018700	0.075373
129	044909:51744106	0	2	0.651498	0.987145	0.081737	0.017824
129	044909:51744106	1	1	0.348502	0.012855	0.081737	0.017824
130	044909:52087870	0	2	0.679609	0.988341	0.073766	0.016186
130	044909:52087870	1	1	0.320391	0.011659	0.073766	0.016186
131	044910:3732513	0	2	0.385611	0.807637	0.081118	0.062364
131	044910:3732513	1	1	0.614389	0.192363	0.081118	0.062364
132	044910:17835330	0	2	0.337892	0.988412	0.076743	0.016110
132	044910:17835330	1	1	0.662108	0.011588	0.076743	0.016110
133	044910:26735728	0	2	0.465558	0.988379	0.091164	0.016133
133	044910:26735728	1	1	0.534442	0.011621	0.091164	0.016133
134	044910:31541788	0	2	0.833259	0.987778	0.093345	0.017003
134	044910:31541788	1	1	0.166741	0.012222	0.093345	0.017003
135	044910:31542094	0	2	0.499726	0.986520	0.158144	0.018688
135	044910:31542094	1	1	0.500274	0.013480	0.158144	0.018688
136	044910:32736247	0	2	0.534466	0.987178	0.090964	0.017773
136	044910:32736247	1	1	0.465534	0.012822	0.090964	0.017773
137	044910:37425352	0	2	0.551385	0.987805	0.078619	0.016990
137	044910:37425352	1	1	0.448615	0.012195	0.078619	0.016990
138	044910:38157512	0	2	0.175635	0.988394	0.061782	0.016133
138	044910:38157512	1	1	0.824365	0.011606	0.061782	0.016133
139	044910:38160332	0	2	0.016173	0.988374	0.022291	0.016176
139	044910:38160332	1	1	0.983827	0.011626	0.022291	0.016176
140	044911:1534195	0	2	0.772747	0.988365	0.071812	0.016159
140	044911:1534195	1	1	0.227253	0.011635	0.071812	0.016159
141	044911:1535580	0	2	0.397420	0.918656	0.077352	0.041214
141	044911:1535580	1	1	0.602580	0.081344	0.077352	0.041214
142	044911:11839268	0	2	0.364805	0.988351	0.078115	0.016220
142	044911:11839268	1	1	0.635195	0.011649	0.078115	0.016220
143	044911:20495862	0	2	0.175693	0.848798	0.061759	0.053998
143	044911:20495862	1	1	0.824307	0.151202	0.061759	0.053998
144	044911:20502370	0	2	0.814390	0.283870	0.064732	0.073118
144	044911:20502370	1	1	0.185610	0.716130	0.064732	0.073118
145	044911:28866270	0	1	0.020006	0.616417	0.027494	0.073271
145	044911:28866270	1	2	0.979994	0.383583	0.027494	0.073271
146	044911:32144883	0	2	0.987167	0.755882	0.017794	0.064835
146	044911:32144883	1	1	0.012833	0.244118	0.017794	0.064835
147	044911:33119418	0	2	0.780081	0.988363	0.081229	0.016169
147	044911:33119418	1	1	0.219919	0.011637	0.081229	0.016169
148	044911:52647983	0	2	0.756391	0.986507	0.067808	0.018689
148	044911:52647983	1	1	0.243609	0.013493	0.067808	0.018689
149	044911:62597868	0	1	0.016140	0.743302	0.022262	0.070945
149	044911:62597868	1	2	0.983860	0.256698	0.022262	0.070945
150	044912:17536309	0	2	0.581115	0.985712	0.079976	0.019761
150	044912:17536309	1	1	0.418885	0.014288	0.079976	0.019761
151	044912:19060462	0	2	0.986431	0.719521	0.018834	0.069317
151	044912:19060462	1	1	0.013569	0.280479	0.018834	0.069317
152	044912:23438326	0	2	0.985718	0.662758	0.019758	0.071329
152	044912:23438326	1	1	0.014282	0.337242	0.019758	0.071329
153	044912:33294083	0	1	0.364978	0.944404	0.078168	0.072489
153	044912:33294083	1	2	0.635022	0.055596	0.078168	0.072489
154	044912:33778259	0	1	0.013547	0.406895	0.018777	0.074100
154	044912:33778259	1	2	0.986453	0.593105	0.018777	0.074100
155	044913:23465758	0	2	0.833409	0.988379	0.063816	0.016157
155	044913:23465758	1	1	0.166591	0.011621	0.063816	0.016157
156	044913:23466225	0	2	0.445911	0.988395	0.080728	0.016151
156	044913:23466225	1	1	0.554089	0.011605	0.080728	0.016151
157	044913:23466358	0	2	0.614273	0.988389	0.081062	0.016115
157	044913:23466358	1	1	0.385727	0.011611	0.081062	0.016115
158	044913:25468080	0	2	0.705023	0.987773	0.072160	0.016964
158	044913:25468080	1	1	0.294977	0.012227	0.072160	0.016964
159	044913:25517488	0	1	0.017263	0.426743	0.023814	0.076396
159	044913:25517488	1	2	0.982737	0.573257	0.023814	0.076396
160	044913:25517631	0	2	0.551275	0.988347	0.078613	0.016178
160	044913:25517631	1	1	0.448725	0.011653	0.078613	0.016178
161	044913:25524086	0	2	0.635039	0.987208	0.077953	0.017737
161	044913:25524086	1	1	0.364961	0.012792	0.077953	0.017737
162	044913:25524308	0	2	0.662240	0.965156	0.076783	0.027626
162	044913:25524308	1	1	0.337760	0.034844	0.076783	0.027626
163	044913:38437209	0	2	0.987164	0.679488	0.017815	0.073721
163	044913:38437209	1	1	0.012836	0.320512	0.017815	0.073721
164	044913:43085200	0	2	0.700143	0.981495	0.089828	0.025459
164	044913:43085200	1	1	0.299857	0.018505	0.089828	0.025459
165	044913:50914864	0	2	0.526998	0.965078	0.081057	0.027690
165	044913:50914864	1	1	0.473002	0.034922	0.081057	0.027690
166	044914:5707992	0	2	0.961613	0.651463	0.030325	0.081742
166	044914:5707992	1	1	0.038387	0.348537	0.030325	0.081742
167	044914:34238934	0	2	0.528554	0.987802	0.083319	0.016996
167	044914:34238934	1	1	0.471446	0.012198	0.083319	0.016996
168	044914:42257028	0	2	0.982720	0.569722	0.023779	0.074596
168	044914:42257028	1	1	0.017280	0.430278	0.023779	0.074596
169	044914:42314400	0	2	0.610937	0.987229	0.092326	0.017714
169	044914:42314400	1	1	0.389063	0.012771	0.092326	0.017714
170	044914:42314593	0	2	0.854845	0.957136	0.062383	0.033737
170	044914:42314593	1	1	0.145155	0.042864	0.062383	0.033737
171	044914:42318390	0	1	0.040484	0.500122	0.031977	0.075456
171	044914:42318390	1	2	0.959516	0.499878	0.031977	0.075456
172	044914:53294212	0	2	0.986530	0.616091	0.018677	0.073360
172	044914:53294212	1	1	0.013470	0.383909	0.018677	0.073360
173	044914:54805750	0	1	0.013488	0.447304	0.018648	0.111058
173	044914:54805750	1	2	0.986512	0.552696	0.018648	0.111058
174	044915:1083547	0	1	0.015171	0.546519	0.021024	0.075081
174	044915:1083547	1	2	0.984829	0.453481	0.021024	0.075081
175	044915:4426623	0	1	0.016108	0.304850	0.022252	0.070989
175	044915:4426623	1	2	0.983892	0.695150	0.022252	0.070989
176	044915:6174032	0	2	0.500056	0.985712	0.078925	0.019762
176	044915:6174032	1	1	0.499944	0.014288	0.078925	0.019762
177	044915:7705099	0	2	0.928595	0.792701	0.042989	0.062545
177	044915:7705099	1	1	0.071405	0.207299	0.042989	0.062545
178	044915:7712971	0	2	0.822747	0.987199	0.067537	0.017758
178	044915:7712971	1	1	0.177253	0.012801	0.067537	0.017758
179	044915:7712978	0	2	0.274201	0.987174	0.078947	0.017777
179	044915:7712978	1	1	0.725799	0.012826	0.078947	0.017777
180	044915:11236713	0	2	0.243482	0.988370	0.067754	0.016178
180	044915:11236713	1	1	0.756518	0.011630	0.067754	0.016178
181	044915:11356294	0	2	0.985728	0.524460	0.019788	0.077011
181	044915:11356294	1	1	0.014272	0.475540	0.019788	0.077011
182	044915:11358958	0	1	0.013485	0.391797	0.018700	0.079215
182	044915:11358958	1	2	0.986515	0.608203	0.018700	0.079215
183	044915:14160656	0	1	0.016114	0.243535	0.022250	0.067859
183	044915:14160656	1	2	0.983886	0.756465	0.022250	0.067859
184	044915:14160674	0	2	0.759195	0.986440	0.080833	0.018777
184	044915:14160674	1	1	0.240805	0.013560	0.080833	0.018777
185	044915:19781593	0	2	0.012795	0.988379	0.017806	0.016117
185	044915:19781593	1	1	0.987205	0.011621	0.017806	0.016117
186	044915:19784831	0	2	0.055556	0.988362	0.043253	0.016182
186	044915:19784831	1	1	0.944444	0.011638	0.043253	0.016182
187	044915:24918350	0	2	0.607998	0.987776	0.079142	0.016963
187	044915:24918350	1	1	0.392002	0.012224	0.079142	0.016963
188	044915:27323111	0	2	0.564531	0.941927	0.087681	0.035294
188	044915:27323111	1	1	0.435469	0.058073	0.087681	0.035294
189	044915:27947169	0	2	0.985693	0.551386	0.019795	0.078642
189	044915:27947169	1	1	0.014307	0.448614	0.019795	0.078642
190	044915:27947928	0	2	0.712182	0.988366	0.077572	0.016169
190	044915:27947928	1	1	0.287818	0.011634	0.077572	0.016169
191	044915:31308998	0	2	0.730693	0.988365	0.070113	0.016171
191	044915:31308998	1	1	0.269307	0.011635	0.070113	0.016171
192	044915:32422127	0	2	0.987211	0.802269	0.017690	0.060075
192	044915:32422127	1	1	0.012789	0.197731	0.017690	0.060075
193	044915:32549941	0	2	0.185647	0.988333	0.064805	0.016211
193	044915:32549941	1	1	0.814353	0.011667	0.064805	0.016211
194	044915:33918678	0	1	0.064038	0.476665	0.038648	0.075258
194	044915:33918678	1	2	0.935962	0.523335	0.038648	0.075258
195	044915:37914955	0	2	0.984833	0.639681	0.020972	0.072454
195	044915:37914955	1	1	0.015167	0.360319	0.020972	0.072454
196	044915:40187985	0	2	0.689053	0.988387	0.075031	0.016146
196	044915:40187985	1	1	0.310947	0.011613	0.075031	0.016146
197	044915:40545848	0	2	0.439464	0.987775	0.085101	0.017000
197	044915:40545848	1	1	0.560536	0.012225	0.085101	0.017000
198	044915:41232552	0	1	0.064160	0.569853	0.038787	0.074621
198	044915:41232552	1	2	0.935840	0.430147	0.038787	0.074621
199	022155009:15190	0	2	0.608057	0.984845	0.079206	0.020911
199	022155009:15190	1	1	0.391943	0.015155	0.079206	0.020911
